27.5	-0.054	-0.342	-0.954	119.494311	25.956761	7.054780004	1812	51	1.42	0.145	0.1475	60	14.5
30.9	0	-0.306	-0.9	119.494398	25.956776	8.856574566	1850	52	1.49	0.145	0.1472	61	15.17
34	0	-0.414	-0.846	119.494491	25.956796	9.560226509	1612	25	0.44	0.005	0.1474	38	4.53
34.8	0.054	-0.396	-0.882	119.49459	25.956818	10.19565919	1400	38	0.98	0.13	0.1473	35	10.06
35.3	0.072	-0.324	-0.918	119.494686	25.95684	9.904745864	1837	48	1.41	0.14	0.1469	57	14.38
36.4	0	-0.324	-0.9	119.494785	25.956861	10.16954901	1687	47	1.38	0.14	0.1467	49	14.05
38.7	0.072	-0.378	-0.9	119.49489	25.956886	10.85952859	1862	40	1.1	0.09	0.1466	54	11.3
39.6	-0.072	-0.324	-1.062	119.494996	25.956915	11.07741319	1462	28	0.87	0.125	0.1476	22	8.87
40.9	0	-0.378	-0.918	119.495106	25.956945	11.49237689	1737	47	1.26	0.14	0.1471	57	12.89
41.5	0	-0.324	-0.936	119.495215	25.956968	11.19367959	1812	51	1.47	0.145	0.1468	61	15.11
42.5	0	-0.342	-0.918	119.495326	25.956991	11.3884362	1850	54	1.54	0.15	0.1465	63	15.8
44.3	0	-0.36	-0.954	119.495441	25.957016	11.82875405	1862	54	1.56	0.15	0.1463	63	15.95
46.5	0	-0.342	-0.99	119.495564	25.957045	12.71305085	1887	53	1.56	0.15	0.1462	63	15.84
48.4	0	-0.36	-0.954	119.495688	25.957075	12.83822386	1875	51	1.52	0.13	0.1463	62	15.52
48.8	0	-0.414	-0.9	119.495818	25.957103	13.36483871	1287	16	0.34	0.105	0.1463	18	3.6
49.8	0	-0.378	-0.918	119.49595	25.957131	13.55936998	1787	47	1.29	0.135	0.1473	56	13.22
50.3	-0.09	-0.396	-0.864	119.496085	25.957163	13.95816323	1550	19	0.29	0	0.1473	32	3.09
49.8	0	-0.414	-0.864	119.496218	25.957198	13.85488468	1500	39	0.96	0.125	0.1474	43	9.94
49.9	0	-0.36	-0.972	119.496351	25.957229	13.73657678	1800	43	1.19	0.135	0.1472	52	12.26
50.3	0	-0.432	-0.972	119.496485	25.957263	13.92024802	1512	18	0.27	0	0.1463	29	2.9
50.3	0	-0.378	-0.936	119.49662	25.957296	13.98690793	1450	31	0.78	0.105	0.1473	34	8.07
50.4	-0.054	-0.36	-0.9	119.496756	25.957328	14.05484265	1562	26	0.47	0.025	0.1471	38	4.95
50	0	-0.432	-0.918	119.496889	25.957359	13.73656257	1325	27	0.75	0.105	0.1472	24	7.72
49.9	-0.072	-0.36	-0.918	119.497025	25.95739	14.02709703	1525	32	0.77	0.1	0.1474	38	7.88
49.5	0	-0.432	-0.936	119.497158	25.957423	13.79404215	1287	14	0.27	0.07	0.147	16	2.98
49.2	0	-0.396	-0.918	119.497291	25.957454	13.73655218	1325	14	0.26	0	0.147	19	2.79
48.1	0	-0.414	-0.9	119.497421	25.957486	13.47535767	1237	16	0.39	0.07	0.147	16	4.04
48.1	0	-0.396	-1.008	119.497549	25.957514	13.17042336	1487	32	0.77	0.105	0.1469	39	7.97
48.1	0	-0.342	-0.882	119.497678	25.957543	13.29411842	1662	40	1.06	0.125	0.1468	48	10.86
48.5	-0.054	-0.342	-0.756	119.497808	25.957571	13.36478845	1675	21	0.29	0	0.1469	40	3.06
48.4	-0.054	-0.36	-0.9	119.497938	25.957596	13.29103314	1362	25	0.57	0.085	0.1471	28	5.85
47.8	-0.162	-0.468	-0.81	119.498068	25.957625	13.39112336	1250	14	0.27	0	0.1468	17	2.89
42.8	0	-0.702	-0.72	119.49819	25.957655	12.64518479	1025	14	64.33	0	0.1468	18	2.55
35	0	-0.63	-0.756	119.498293	25.957679	10.63785235	962	14	61.55	0	0.1468	18	2.44
27.6	0	-0.594	-0.774	119.498375	25.957701	8.555344309	950	14	61.31	0	0.1467	18	2.43
23.3	0	-0.414	-0.882	119.498443	25.957718	7.056369826	825	16	62.82	0	0.1465	20	2.49
22.2	0	-0.432	-0.864	119.4985	25.957731	5.879188029	800	18	62.57	0	0.1467	22	2.48
21.7	0	-0.432	-0.846	119.498556	25.957743	5.755540697	812	17	59.53	0	0.1466	21	2.36
21.2	0	-0.432	-0.936	119.498611	25.957751	5.570242321	800	17	60.8	0	0.1466	21	2.41
20.4	0	-0.54	-0.882	119.498665	25.957753	5.403353606	762	17	58.02	0	0.1466	21	2.3
15.9	0	-0.504	-0.846	119.498713	25.957756	4.810491356	787	17	54.49	0	0.1464	21	2.16
11.2	0	-0.504	-0.81	119.498746	25.957761	3.345768596	775	16	55.51	0	0.1464	21	2.2
7.4	0	-0.468	-0.882	119.498768	25.957763	2.21071505	775	16	54.49	0	0.1463	21	2.16
4.7	0	-0.45	-0.882	119.498781	25.957766	1.341831587	762	16	51.98	0	0.1464	20	2.06
3.1	0	-0.414	-0.918	119.49879	25.957766	0.899795741	762	15	51.71	0	0.1464	20	2.05
2.7	0	-0.396	-0.864	119.498795	25.957765	0.512104347	762	15	52.47	0	0.1463	20	2.08
2.2	0	-0.414	-0.9	119.498799	25.957765	0.399909223	762	15	50.71	0	0.1472	19	2.01
1.7	0	-0.396	-0.882	119.498801	25.957763	0.299063798	762	15	51.71	0	0.1472	20	2.05
0	0	-0.414	-0.9	119.498806	25.957763	0.499886534	762	15	48.69	0	0.1472	20	1.93
0	0	-0.396	-0.918	119.498809	25.957765	0.373385143	750	15	49.45	0.015	0.1471	20	1.96
0	0	-0.324	-0.936	119.498813	25.957765	0.399909223	950	26	0.39	0.09	0.1472	33	4.04
0	0	-0.288	-0.936	119.498813	25.957765	0	1075	26	0.42	0.085	0.1474	32	4.47
7.7	0	-0.378	-0.9	119.498831	25.957766	1.803023534	1100	18	0.26	0	0.1471	25	2.74
8.3	0	-0.396	-0.9	119.498853	25.95777	2.244021515	937	17	0.24	0	0.147	21	2.59
8.4	0	-0.396	-0.918	119.498875	25.957776	2.298460088	925	16	61.06	0	0.1469	20	2.42
9.2	0	-0.324	-0.936	119.498898	25.957781	2.365735902	1400	34	0.73	0.105	0.147	42	7.57
12.5	-0.054	-0.306	-0.972	119.498928	25.957786	3.050413277	1562	32	0.8	0.105	0.1472	38	8.18
14.8	0	-0.396	-0.918	119.498966	25.957795	3.92873413	1550	13	0.29	0	0.1469	16	3.07
15.2	0	-0.396	-0.9	119.499006	25.957805	4.150802702	1037	25	0.46	0.07	0.1468	29	4.72
15.8	0	-0.36	-0.936	119.499049	25.957816	4.46963975	1175	25	0.44	0.07	0.147	29	4.64
16.9	0	-0.342	-0.936	119.499095	25.957826	4.731470288	1275	27	0.52	0.09	0.147	33	5.41
18.1	0	-0.378	-0.918	119.499141	25.957838	4.788615443	1175	17	0.27	0	0.1468	22	2.97
18.4	0	-0.342	-0.936	119.499191	25.957851	5.203671228	1350	33	0.72	0.1	0.1467	39	7.34
19.9	0	-0.324	-0.936	119.499245	25.957865	5.618730414	1537	36	0.85	0.115	0.1466	43	8.77
21.8	0	-0.36	-0.936	119.499301	25.95788	5.841890779	1612	38	0.96	0.125	0.1463	45	9.9
23.8	0	-0.342	-0.936	119.499365	25.957894	6.585190862	1700	37	1.01	0.115	0.1463	45	10.35
25.7	0	-0.36	-0.918	119.499433	25.95791	7.027387906	1737	37	1	0.12	0.1462	44	10.28
27	0	-0.378	-0.828	119.499508	25.957925	7.681556252	1575	13	0.29	0	0.1465	18	3.09
27.2	0	-0.378	-0.918	119.499585	25.957938	7.832783785	1400	37	0.83	0.12	0.1467	43	8.55
28.6	0	-0.378	-0.918	119.499665	25.957949	8.091158728	1587	41	1.01	0.13	0.1461	50	10.4
30.6	0	-0.342	-0.954	119.499748	25.95796	8.387765081	1750	48	1.38	0.14	0.1453	57	14.12
32.8	0	-0.342	-0.9	119.499836	25.95797	8.867977823	1775	47	1.31	0.14	0.1459	56	13.48
34.8	0	-0.324	-0.9	119.499931	25.957978	9.539394287	1800	47	1.31	0.135	0.1462	55	13.45
36.9	0	-0.324	-0.864	119.500033	25.957986	10.23639207	1825	46	1.29	0.14	0.1463	55	13.23
38.6	0	-0.36	-0.936	119.50014	25.957993	10.72583152	1850	46	1.33	0.135	0.1463	54	13.52
40	0	-0.36	-0.864	119.500249	25.957998	10.91167847	1600	17	0.29	0	0.1467	27	3.1
40	0	-0.306	-0.972	119.500361	25.958001	11.20240387	1612	40	1.08	0.125	0.1449	41	11.16
41	0	-0.306	-0.972	119.500475	25.958001	11.39738995	1700	47	1.23	0.13	0.1455	55	12.61
42.5	0	-0.342	-0.918	119.500591	25.958001	11.59734416	1687	45	1.24	0.13	0.1476	53	12.7
43.5	0	-0.396	-0.9	119.500713	25.958	12.19771363	1275	17	0.29	0	0.1471	22	3.04
43.7	0	-0.432	-0.882	119.500835	25.957996	12.20531381	1337	32	0.69	0.095	0.1471	36	7.02
43.3	0	-0.414	-0.864	119.500955	25.957995	11.99776838	1162	15	0.29	0	0.1467	19	3
43.2	0	-0.414	-0.882	119.501076	25.957993	12.09927428	1050	14	0.26	0	0.1468	18	2.72
42.4	0	-0.432	-0.918	119.501195	25.957991	11.89935461	1012	14	64.33	0	0.1469	18	2.55
41.5	0	-0.432	-0.846	119.501313	25.957991	11.79729937	1012	14	0.24	0	0.1467	18	2.61
38.7	0	-0.504	-0.882	119.501425	25.957991	11.19743669	962	15	0.24	0	0.1466	19	2.62
36.4	0	-0.486	-0.882	119.501528	25.957991	10.29764267	975	14	64.33	0	0.1465	18	2.55
33.9	0	-0.432	-0.882	119.501626	25.957993	9.800280689	975	14	60.04	0	0.1464	18	2.38
32.3	0	-0.414	-0.9	119.501716	25.957993	8.997940047	850	16	63.33	0	0.1464	20	2.51
30.1	0	-0.486	-0.864	119.501805	25.957995	8.900741635	812	17	56.77	0	0.1466	21	2.25
27	0	-0.414	-0.882	119.501881	25.957995	7.598260352	787	17	56.51	0	0.1465	22	2.24
25	0	-0.414	-0.918	119.501953	25.957995	7.198351911	800	17	59.04	0	0.1465	22	2.34
23.9	0	-0.414	-0.882	119.502021	25.957998	6.806622703	800	17	59.8	0	0.1464	21	2.37
23.5	0	-0.414	-0.882	119.502086	25.957998	6.498511978	787	16	52.73	0	0.1464	21	2.09
23.4	0	-0.396	-0.882	119.502151	25.957998	6.498511978	812	16	57.02	0.055	0.1463	20	2.26
24.1	0	-0.342	-0.936	119.502216	25.957998	6.498511978	1362	38	0.88	0.125	0.1467	41	9.13
25.8	0	-0.342	-0.954	119.502286	25.957998	6.998397514	1575	41	1	0.125	0.1475	49	10.28
27.7	0	-0.288	-0.936	119.502358	25.957995	7.206077059	1675	48	1.26	0.135	0.1469	57	12.87
30.4	0	-0.342	-0.918	119.502441	25.95799	8.316704504	1762	48	1.31	0.135	0.1469	57	13.37
33	0	-0.306	-0.918	119.502526	25.957985	8.51622228	1800	48	1.34	0.135	0.1467	58	13.7
35.5	0	-0.342	-0.936	119.50262	25.957979	9.421501155	1825	48	1.34	0.13	0.1463	57	13.81
36.8	0	-0.414	-0.9	119.50272	25.957976	10.00327602	1362	14	0.29	0	0.1463	18	3
36.2	0	-0.414	-0.9	119.502821	25.957973	10.10319835	1187	13	0.24	0	0.1471	16	2.65
35.2	0	-0.396	-0.864	119.502918	25.957966	9.728967956	987	14	0.24	0	0.1471	18	2.65
33.9	0	-0.396	-0.918	119.503016	25.957963	9.803436339	975	15	0.24	0.04	0.147	20	2.6
33.1	0	-0.414	-0.918	119.50311	25.95796	9.403769468	1262	14	0.27	0	0.1469	18	2.88
30.3	0	-0.504	-0.846	119.503199	25.95796	8.897965427	1037	14	64.08	0	0.1467	17	2.54
25.2	0	-0.522	-0.846	119.503276	25.957964	7.711078038	962	14	0.24	0	0.1468	18	2.57
18.8	0	-0.522	-0.828	119.503338	25.95797	6.2343837	937	14	60.04	0	0.1466	18	2.38
13	0	-0.558	-0.81	119.503378	25.957975	4.037547645	800	16	60.04	0	0.1466	20	2.38
6.2	0	-0.522	-0.828	119.503399	25.957976	2.102462164	775	18	0.24	0	0.1467	23	2.58
4.9	0	-0.504	-0.846	119.503411	25.957985	1.562322569	800	18	60.55	0	0.1467	23	2.4
0.2	0	-0.396	-0.882	119.503408	25.957988	0.448595323	775	18	58.28	0	0.1467	22	2.31
0.1	0	-0.378	-0.9	119.503401	25.957988	0.699839809	775	18	57.53	0	0.1467	22	2.28
0	0	-0.396	-0.9	119.503396	25.957988	0.499885581	787	17	59.8	0	0.1466	22	2.37
0	0	-0.396	-0.918	119.503395	25.95799	0.24382931	775	18	56.77	0	0.1466	22	2.25
0	0	-0.396	-0.9	119.503393	25.95799	0.199954227	762	17	55.24	0	0.1466	21	2.19
0	0	-0.378	-0.9	119.503393	25.95799	0	762	17	57.02	0	0.1465	21	2.26
0	0	-0.378	-0.9	119.503393	25.95799	0	750	16	53.73	0	0.1465	21	2.13
0	0	-0.396	-0.918	119.503393	25.95799	0	762	16	59.29	0	0.1463	20	2.35
0	0	-0.396	-0.918	119.503393	25.95799	0	750	16	59.04	0	0.1464	21	2.34
0	0	-0.378	-0.9	119.503393	25.95799	0	762	16	53.22	0	0.1465	21	2.11
0	0	-0.378	-0.9	119.503393	25.95799	0	750	16	52.22	0	0.1465	21	2.07
0	0	-0.378	-0.9	119.503393	25.95799	0	737	15	54.75	0	0.1465	20	2.17
0	0	-0.396	-0.882	119.503393	25.95799	0	737	16	52.73	0	0.1465	20	2.09
0	0	-0.396	-0.918	119.503393	25.95799	0	750	15	51.22	0	0.1465	20	2.03
0	0	-0.378	-0.9	119.503393	25.95799	0	737	16	51.71	0	0.1465	20	2.05
0	0	-0.396	-0.9	119.503393	25.95799	0	750	15	51.98	0	0.1465	20	2.06
0	0	-0.396	-0.9	119.503393	25.95799	0	737	15	52.98	0	0.1464	20	2.1
0	0	-0.396	-0.9	119.503393	25.95799	0	750	16	51.22	0	0.1464	20	2.03
0	0	-0.396	-0.9	119.503393	25.95799	0	750	16	54	0	0.1465	20	2.14
0	0	-0.396	-0.9	119.503393	25.95799	0	737	15	51.47	0	0.1465	20	2.04
0	0	-0.378	-0.918	119.503393	25.95799	0	750	16	51.47	0	0.1464	20	2.04
0	0	-0.396	-0.9	119.503393	25.95799	0	737	15	50.71	0	0.1464	20	2.01
0	0	-0.378	-0.9	119.503393	25.95799	0	750	16	51.98	0	0.1464	20	2.06
0	0	-0.396	-0.9	119.503393	25.95799	0	750	15	52.22	0	0.1464	20	2.07
0	0	-0.396	-0.9	119.503393	25.95799	0	750	16	52.98	0	0.1464	20	2.1
0	0	-0.396	-0.9	119.503393	25.95799	0	750	15	50.71	0	0.1464	20	2.01
0	0	-0.396	-0.9	119.503393	25.95799	0	750	15	53.49	0	0.1464	20	2.12
0	0	-0.396	-0.9	119.503393	25.95799	0	737	15	50.71	0	0.1464	20	2.01
0	0	-0.396	-0.9	119.503393	25.95799	0	750	15	54.75	0	0.1464	20	2.17
0	0	-0.396	-0.9	119.503393	25.95799	0	750	15	52.98	0	0.1464	20	2.1
0	0	-0.396	-0.9	119.503393	25.95799	0	750	16	54.24	0	0.1464	20	2.15
0	0	-0.378	-0.9	119.503393	25.95799	0	737	16	52.98	0	0.1464	20	2.1
0	0	-0.378	-0.918	119.503393	25.95799	0	737	15	51.71	0	0.1464	20	2.05
0	0	-0.396	-0.9	119.503393	25.95799	0	737	15	51.71	0	0.1464	20	2.05
0	0	-0.378	-0.9	119.503393	25.95799	0	750	15	50.2	0	0.1464	20	1.99
0	0	-0.396	-0.9	119.503393	25.95799	0	750	15	51.47	0	0.1464	20	2.04
0	0	-0.378	-0.9	119.503393	25.95799	0	750	15	51.98	0	0.1464	20	2.06
0	0	-0.378	-0.9	119.503393	25.95799	0	750	15	52.73	0	0.1464	20	2.09
0	0	-0.36	-0.918	119.503393	25.95799	0	750	16	59.29	0.02	0.1464	20	2.35
0	0	-0.342	-0.918	119.503393	25.95799	0	725	21	0.27	0.07	0.1464	27	2.92
0	0	-0.324	-0.936	119.503393	25.95799	0	950	26	0.41	0.09	0.1466	31	4.23
4.8	0	-0.288	-0.936	119.503399	25.95799	0.599862685	1175	31	0.57	0.095	0.1467	37	5.89
9.2	0	-0.306	-0.936	119.503425	25.957995	2.658197577	1375	31	0.67	0.1	0.1468	37	6.87
11.7	0	-0.378	-0.864	119.503461	25.958008	3.87861301	1425	18	0.27	0	0.1466	26	2.95
12.3	0	-0.396	-0.864	119.503515	25.958005	5.409059488	1175	15	0.32	0.065	0.1465	16	3.49
12.8	0	-0.342	-0.9	119.503561	25.958011	4.647087928	1275	31	0.59	0.09	0.1467	37	6.15
14	0	-0.324	-0.882	119.5036	25.958008	3.913350539	1300	32	0.65	0.09	0.147	39	6.73
15.6	0	-0.396	-0.936	119.503641	25.958005	4.112612363	1087	18	0.27	0	0.1469	23	2.88
16.3	0	-0.396	-0.918	119.503686	25.958005	4.498969563	1037	24	0.44	0.075	0.1471	27	4.58
17.2	0	-0.342	-0.9	119.503733	25.958006	4.700239238	1412	35	0.77	0.105	0.1466	41	7.88
18.6	0	-0.342	-0.936	119.503778	25.958001	4.53319258	1500	35	0.8	0.105	0.1465	41	8.22
20.4	0	-0.342	-0.918	119.50383	25.95799	5.340758682	1525	33	0.8	0.105	0.1463	41	8.29
22.2	-0.144	-0.414	-0.936	119.503886	25.957991	5.599822493	1325	15	0.27	0	0.1463	20	2.99
21.6	-0.126	-0.396	-0.882	119.503943	25.957998	5.751606905	1375	21	0.49	0.075	0.1463	24	5.04
23.4	-0.144	-0.378	-0.9	119.503998	25.958023	6.161481644	1487	28	0.64	0.09	0.1461	33	6.64
25.2	-0.162	-0.396	-0.864	119.504056	25.958061	7.174864029	1512	26	0.62	0.09	0.1462	32	6.46
25.1	-0.162	-0.414	-0.864	119.504101	25.958113	7.326243834	1300	23	0.27	0	0.1463	35	2.86
24	-0.09	-0.396	-0.9	119.504136	25.958168	7.046024263	987	17	0.26	0.04	0.1454	21	2.8
24.9	-0.09	-0.432	-0.918	119.504155	25.958228	6.936851949	987	17	0.27	0.02	0.1455	21	2.92
25.6	0	-0.324	-0.9	119.504168	25.958293	7.343602815	1500	36	0.8	0.105	0.1453	47	8.24
26.6	0	-0.342	-0.936	119.504181	25.958358	7.343602687	1462	34	0.75	0.11	0.1458	41	7.76
27.2	-0.144	-0.36	-0.9	119.504188	25.958426	7.59357767	1525	38	0.9	0.12	0.1459	45	9.33
29	0	-0.396	-0.918	119.504188	25.958498	8.006039745	1637	43	1.1	0.125	0.146	51	11.21
30.3	0	-0.396	-0.918	119.504186	25.958571	8.119697112	1575	40	1.03	0.125	0.1458	45	10.65
31.5	0.072	-0.378	-0.882	119.504183	25.958648	8.567266432	1675	46	1.29	0.135	0.1459	49	13.18
32.4	0	-0.324	-0.918	119.504181	25.958728	8.897846681	1775	46	1.29	0.13	0.1464	55	13.32
34.2	0	-0.324	-0.9	119.50418	25.958811	9.229726195	1437	17	0.29	0	0.1463	24	3.12
34.1	0	-0.378	-0.882	119.504176	25.958896	9.460031122	1550	37	0.92	0.125	0.147	43	9.48
33.8	0	-0.378	-0.918	119.504178	25.958981	9.453689511	1712	40	1.08	0.13	0.1476	47	11.09
35.8	0	-0.36	-0.918	119.504181	25.959069	9.789755228	1812	44	1.29	0.13	0.1471	53	13.31
38.1	0.09	-0.36	-0.936	119.504181	25.959165	10.67471966	1825	43	1.21	0.13	0.147	52	12.41
39.5	0	-0.324	-0.864	119.504178	25.959265	11.12354392	1837	43	1.24	0.13	0.1465	51	12.72
40.4	0	-0.342	-0.972	119.504183	25.959366	11.24181401	1837	43	1.23	0.13	0.1465	50	12.56
41.1	0	-0.378	-0.918	119.504183	25.95947	11.56427963	1850	40	1.13	0.125	0.1464	50	11.62
41.7	0	-0.396	-0.918	119.504181	25.959575	11.67718667	1300	13	0.27	0.065	0.1463	15	2.98
40.9	0	-0.36	-0.9	119.504176	25.959681	11.79726492	1550	41	1	0.125	0.1472	48	10.18
41	0	-0.504	-0.9	119.504149	25.959785	11.87514285	1387	18	0.27	0	0.1463	26	2.84
38.7	-0.054	-0.378	-0.864	119.504136	25.95989	11.74759051	1000	16	0.26	0	0.1469	20	2.77
38	0	-0.396	-0.846	119.504136	25.959988	10.89710965	950	16	0.24	0	0.1469	20	2.57
36.6	0.054	-0.378	-0.774	119.50414	25.960081	10.34886407	925	16	0.24	0	0.1468	20	2.57
35	0	-0.504	-0.936	119.504133	25.960171	10.03198928	925	15	58.53	0	0.1468	20	2.32
32.8	0	-0.432	-0.864	119.504131	25.960256	9.453689465	937	15	62.31	0	0.1454	19	2.47
30.8	0	-0.432	-0.882	119.504131	25.960336	8.895599717	962	15	63.08	0	0.1454	20	2.5
29	0.054	-0.432	-0.846	119.504128	25.960413	8.567266274	937	15	59.8	0	0.1455	19	2.37
28.6	0	-0.432	-0.9	119.504119	25.960491	8.719757042	937	15	58.78	0	0.1455	19	2.33
26.8	0.054	-0.486	-0.9	119.504121	25.960561	7.786217532	937	15	60.3	0	0.1456	19	2.39
23.6	0	-0.486	-0.828	119.504123	25.960624	7.008137752	912	15	60.8	0	0.1455	19	2.41
20.8	0	-0.414	-0.918	119.504125	25.960681	6.341267941	887	16	63.08	0	0.1456	21	2.5
18.5	0	-0.432	-0.936	119.504141	25.960721	4.72669387	850	17	64.33	0	0.1457	21	2.55
17.9	0	-0.414	-0.954	119.504158	25.960759	4.554407954	1000	14	60.8	0.035	0.1457	19	2.41
19.8	0	-0.342	-0.9	119.504161	25.960808	5.456803485	1550	36	0.87	0.115	0.1461	42	8.87
22.5	-0.054	-0.324	-0.918	119.504155	25.960864	6.255745217	1750	45	1.23	0.135	0.1468	51	12.55
25.8	0	-0.324	-0.972	119.504135	25.960929	7.499150394	1912	47	1.41	0.14	0.1476	56	14.4
29.2	0	-0.306	-0.954	119.504131	25.961001	8.016020907	1975	47	1.41	0.14	0.1473	54	14.49
32	0	-0.378	-0.9	119.504128	25.961086	9.456332191	2050	43	1.41	0.135	0.1464	50	14.35
34.4	0	-0.306	-0.9	119.504141	25.961168	9.210150597	2150	42	1.39	0.135	0.1461	48	14.27
34.8	0	-0.378	-0.918	119.504153	25.961255	9.748069352	1887	12	0.47	0.09	0.1463	11	4.85
39.2	0	-0.378	-0.882	119.504153	25.96235	121.7585211	1087	15	0.26	0.055	0.1467	20	2.78
35.3	0	-0.36	-0.882	119.504168	25.961426	102.7551198	1675	37	0.96	0.12	0.1458	44	9.9
36.6	0	-0.36	-0.954	119.504171	25.961518	10.23433531	1712	39	1.05	0.125	0.1458	46	10.74
37.8	0	-0.342	-0.954	119.504171	25.961613	10.56352466	1737	39	1.03	0.125	0.1459	46	10.56
38.5	0	-0.36	-0.954	119.504166	25.961713	11.13072965	1762	46	1.36	0.145	0.1459	49	13.98
40.3	0	-0.396	-0.918	119.504163	25.961815	11.34585447	1787	25	0.54	0.005	0.1465	39	5.56
41.8	0	-0.396	-0.99	119.504161	25.961921	11.78836545	1475	23	0.67	0.1	0.1475	21	6.91
42.1	0	-0.378	-0.882	119.504161	25.96203	12.12025461	1512	36	0.85	0.105	0.1475	44	8.79
41.8	0	-0.396	-0.918	119.504161	25.962138	12.00905962	1112	16	0.27	0	0.147	20	2.91
41.3	0	-0.432	-0.9	119.504155	25.962246	12.02403105	1150	18	0.31	0.04	0.147	21	3.32
40.4	0	-0.396	-0.972	119.504153	25.96235	11.56600805	1087	15	0.26	0.05	0.1469	19	2.71
38.6	0	-0.396	-0.9	119.504146	25.962551	22.36114765	1300	27	0.54	0.09	0.1467	32	5.62
39.9	0.054	-0.396	-0.918	119.504141	25.962653	11.35289949	1337	32	0.67	0.095	0.1472	37	6.99
40.5	-0.072	-0.36	-0.918	119.50414	25.962755	11.34233024	1462	36	0.8	0.11	0.147	43	8.18
41.1	-0.054	-0.378	-0.864	119.504138	25.962858	11.45482982	1500	36	0.83	0.11	0.1465	43	8.64
41.8	0	-0.36	-0.936	119.50414	25.962966	12.01072401	1500	36	0.82	0.11	0.1462	43	8.49
41.7	0	-0.396	-0.936	119.50414	25.963073	11.89786462	1525	36	0.83	0.11	0.1461	43	8.66
42.2	0	-0.396	-0.882	119.504143	25.963178	11.67932613	1500	34	0.8	0.1	0.1476	42	8.23
42.2	0	-0.432	-0.774	119.504143	25.963284	11.78666962	1150	15	0.27	0	0.1471	19	2.99
41.7	0.054	-0.414	-0.846	119.504149	25.963388	11.57982583	1275	26	0.54	0.08	0.1469	31	5.53
42.5	0.054	-0.414	-0.9	119.50414	25.9635	12.48629953	1175	17	0.27	0	0.1467	21	2.96
41.4	0	-0.45	-0.9	119.504146	25.963603	11.4687815	1025	14	0.24	0	0.1468	18	2.64
40.5	0	-0.432	-0.882	119.504151	25.963703	11.13072927	1012	14	0.24	0	0.1468	18	2.58
39	0	-0.45	-0.864	119.504158	25.963808	11.69642834	987	14	61.06	0	0.1467	18	2.42
37.2	0	-0.414	-0.864	119.504159	25.963903	10.56399772	950	14	59.04	0	0.1466	18	2.34
35.9	0	-0.414	-0.864	119.504161	25.963996	10.34306743	850	16	58.53	0	0.1465	20	2.32
34.7	0	-0.414	-0.882	119.504166	25.964083	9.686870131	812	18	60.3	0	0.1466	22	2.39
34.9	0	-0.432	-0.918	119.504166	25.964171	9.785159688	812	18	60.8	0	0.1466	22	2.41
34.4	0	-0.414	-0.864	119.504166	25.964258	9.673964692	1025	23	0.39	0.065	0.1467	28	4.04
34.5	-0.054	-0.432	-0.954	119.504181	25.964341	9.350218235	1387	15	0.31	0	0.1463	21	3.18
33.3	0	-0.396	-0.846	119.504189	25.964424	9.263772902	1262	12	0.26	0	0.1462	15	2.67
34.1	0	-0.432	-0.9	119.504193	25.964515	10.12664323	1000	14	61.82	0	0.1462	17	2.45
34.5	-0.18	-0.486	-0.954	119.504189	25.964606	10.12664322	975	14	63.84	0	0.1462	19	2.53
32.9	0	-0.378	-0.954	119.504191	25.964695	9.898374272	962	15	64.33	0.005	0.1463	19	2.55
32.6	-0.054	-0.36	-0.864	119.504191	25.96478	9.451574699	1312	20	0.41	0.07	0.1465	25	4.23
31.5	-0.054	-0.414	-0.9	119.504193	25.964858	8.675514048	1350	27	0.57	0.085	0.1466	32	5.92
30.8	0	-0.396	-0.918	119.504195	25.964936	8.675514045	1362	29	0.64	0.095	0.1469	32	6.62
29.9	0	-0.36	-0.954	119.504176	25.96502	9.531558889	1437	29	0.65	0.095	0.1466	36	6.73
31	0.054	-0.396	-0.864	119.50418	25.965096	8.460275515	1450	26	0.52	0.055	0.1462	34	5.43
31.6	0	-0.414	-0.9	119.504183	25.965176	8.900654036	1237	14	0.27	0	0.1464	16	2.88
31.7	0	-0.396	-0.9	119.50418	25.965258	9.122920814	1025	14	0.24	0	0.1464	18	2.66
32.4	0	-0.396	-0.9	119.504161	25.965351	10.51413184	950	15	61.31	0.055	0.1464	19	2.43
32.3	-0.072	-0.342	-0.9	119.504146	25.965439	9.899395892	1525	41	1.08	0.135	0.1461	44	11.16
33	0	-0.234	-0.72	119.504145	25.965521	9.118537739	1737	31	0.6	0	0.1469	50	6.3
33.7	0	-0.36	-0.828	119.504136	25.965613	10.26942995	1275	21	0.57	0.11	0.1474	18	5.95
33.4	-0.072	-0.378	-0.954	119.504128	25.965701	9.817788669	1625	45	1.31	0.14	0.1468	45	13.4
34.5	0	-0.342	-0.918	119.504143	25.96579	10.00932123	1837	47	1.36	0.135	0.1468	56	13.99
36.2	0	-0.36	-0.936	119.504145	25.965881	10.12071985	1837	45	1.26	0.13	0.1469	53	12.93
37.4	-0.072	-0.396	-0.954	119.504146	25.965975	10.45280774	1487	14	0.29	0	0.1469	19	3.13
37.4	0.072	-0.36	-0.954	119.504155	25.966068	10.38020162	1600	31	0.75	0.105	0.1472	36	7.82
37.5	0.072	-0.36	-0.954	119.504166	25.966161	10.39943972	1450	36	0.78	0.105	0.1471	42	8.14
38.6	-0.054	-0.378	-0.846	119.504171	25.966261	11.13072878	1487	35	0.8	0.08	0.1469	43	8.24
39.6	-0.054	-0.414	-0.846	119.504174	25.966363	11.34585417	1087	16	0.27	0.05	0.1468	20	2.85
39.7	0	-0.414	-0.882	119.504178	25.966465	11.34893672	1200	24	0.46	0.07	0.1451	29	4.75
38.2	0	-0.36	-0.918	119.50418	25.966563	10.89894374	1200	24	0.46	0.07	0.1451	29	4.71
38.2	0	-0.432	-0.9	119.504181	25.96666	10.78637793	1062	16	0.26	0	0.1457	21	2.78
38.2	-0.09	-0.342	-0.828	119.504176	25.966763	11.46398693	1037	26	0.64	0.11	0.1454	23	6.51
38.8	0	-0.396	-0.864	119.504174	25.966863	11.12129705	1487	36	0.83	0.1	0.1458	43	8.5
39.2	0	-0.396	-0.882	119.504176	25.966961	10.89894373	1050	16	0.27	0	0.1463	20	2.86
38.1	0	-0.468	-0.828	119.50418	25.967058	10.79332467	975	15	63.33	0	0.1454	19	2.51
35.6	0	-0.432	-0.9	119.504183	25.967151	10.34548265	912	16	62.06	0	0.1454	20	2.46
34	0	-0.432	-0.9	119.504188	25.967238	9.686869439	950	15	62.82	0	0.1455	20	2.49
33.2	0	-0.45	-0.936	119.504191	25.967325	9.678612377	950	15	0.24	0	0.1455	20	2.59
32.2	0	-0.414	-0.936	119.504196	25.967408	9.24271044	962	15	0.24	0	0.1456	19	2.58
31.2	0	-0.414	-0.954	119.504201	25.967488	8.909631861	962	15	0.24	0	0.1456	20	2.6
31.3	0	-0.378	-0.882	119.5042	25.96757	9.11853772	950	15	61.31	0	0.1457	19	2.43
30.6	0.072	-0.45	-0.936	119.504198	25.96765	8.89784634	937	15	0.24	0	0.1456	20	2.66
28.6	0	-0.486	-0.792	119.504195	25.96773	8.900653816	950	15	60.04	0	0.1456	19	2.38
26.4	0.072	-0.414	-0.792	119.504185	25.967818	9.836093076	937	16	63.08	0	0.1457	20	2.5
25.3	0.144	-0.396	-0.918	119.504181	25.967896	8.682422874	912	16	62.31	0	0.1458	20	2.47
25.2	0.216	-0.396	-0.9	119.504193	25.96796	7.216881806	925	18	0.27	0.07	0.1458	20	2.92
24.3	0.18	-0.396	-0.936	119.504221	25.968016	6.827123425	1162	20	0.26	0	0.146	30	2.75
25.1	0.198	-0.396	-0.828	119.504265	25.968066	7.089334263	1025	26	0.54	0.09	0.146	28	5.51
26.1	0.216	-0.414	-0.918	119.504316	25.968111	7.143626997	1512	40	0.92	0.125	0.1477	49	9.45
27.5	0.198	-0.396	-0.846	119.504385	25.968138	7.522873074	1612	46	1.18	0.13	0.1471	54	12.12
28.5	0	-0.36	-0.918	119.504461	25.968153	7.778533373	1650	43	1.15	0.125	0.1468	52	11.67
32.8	0.09	-0.306	-0.9	119.504551	25.968163	9.06561511	1637	42	1.08	0.125	0.1465	50	11.11
33.4	0	-0.324	-0.918	119.504643	25.968168	9.213888651	1675	43	1.11	0.13	0.1463	51	11.42
35.2	0	-0.36	-0.936	119.50474	25.968171	9.702677399	1712	43	1.15	0.13	0.1463	52	11.7
34.7	0	-0.342	-0.864	119.504835	25.968161	9.561878443	1737	43	1.19	0.13	0.1461	51	12.2
35.8	0	-0.342	-0.864	119.504933	25.968153	9.837213454	1787	43	1.18	0.13	0.1462	53	12.15
35.1	0	-0.378	-0.936	119.505029	25.968146	9.628487022	1562	18	0.29	0	0.1466	29	3.09
35.8	0	-0.414	-0.972	119.50513	25.96814	10.11883539	1425	23	0.67	0.1	0.1472	22	6.85
34.8	0	-0.36	-0.882	119.505228	25.968133	9.827783979	1587	31	0.78	0.105	0.1467	38	8.04
36.2	0	-0.378	-0.918	119.505329	25.96813	10.10232722	1600	29	0.73	0.1	0.1466	36	7.64
37	0	-0.36	-0.9	119.505433	25.968128	10.39910212	1437	35	0.78	0.105	0.1467	41	8.02
37	0	-0.414	-0.9	119.505535	25.968121	10.2264519	1450	35	0.78	0.105	0.147	41	8.12
39.1	0	-0.378	-0.882	119.505645	25.968118	11.00159428	1450	35	0.77	0.105	0.1469	41	7.97
40.8	-0.108	-0.45	-0.936	119.505758	25.968113	11.31011491	1462	35	0.78	0.105	0.1467	41	8.08
40.3	0	-0.36	-0.972	119.505871	25.968108	11.3101154	1462	34	0.78	0.105	0.1464	41	8.09
41.4	0	-0.432	-0.882	119.505988	25.968101	11.72218721	1462	35	0.77	0.105	0.1463	41	7.92
42	0	-0.342	-0.954	119.506108	25.968099	11.99828402	1175	16	0.29	0	0.1464	20	3.05
41.3	0	-0.414	-0.882	119.506226	25.968098	11.79681004	1175	25	0.57	0.09	0.1465	27	5.89
41.2	0	-0.432	-0.9	119.506341	25.968093	11.50981637	1450	33	0.73	0.105	0.1462	41	7.51
41.4	0	-0.36	-0.9	119.506461	25.968093	11.99622364	1450	33	0.73	0.105	0.1461	40	7.61
42	-0.072	-0.378	-0.882	119.506578	25.968089	11.7047719	1425	24	0.41	0.01	0.1462	35	4.2
42.4	0	-0.396	-0.882	119.506695	25.968086	11.70107449	1137	18	0.42	0.075	0.1464	20	4.42
41.6	0	-0.36	-0.846	119.506811	25.968086	11.59635021	1262	26	0.5	0.08	0.1459	31	5.3
41.5	0	-0.396	-0.9	119.506928	25.968083	11.70107479	1150	16	0.27	0	0.1461	21	2.95
40.1	0.072	-0.378	-0.864	119.507044	25.968081	11.59848276	1025	15	0.24	0	0.1462	18	2.63
40	0	-0.414	-0.882	119.507156	25.968078	11.20144481	987	14	0.24	0	0.1462	18	2.62
40	0	-0.414	-0.9	119.507271	25.968073	11.50981832	987	15	64.33	0	0.1454	19	2.55
37.6	0	-0.486	-0.9	119.507381	25.968069	11.0055316	950	15	0.24	0	0.1455	19	2.64
33.9	0	-0.594	-0.81	119.507481	25.968068	9.997473467	912	16	63.84	0	0.1455	20	2.53
27.4	0	-0.576	-0.81	119.507563	25.968063	8.216253586	912	16	63.84	0	0.1456	21	2.53
22.2	0	-0.612	-0.828	119.50763	25.968065	6.70158423	937	16	63.08	0	0.1457	21	2.5
17.5	0	-0.396	-0.882	119.50768	25.968071	5.042756718	850	17	62.31	0	0.1456	21	2.47
14.6	0	-0.396	-0.864	119.507718	25.96808	3.928413025	850	18	0.24	0	0.1457	22	2.61
11.9	0	-0.486	-0.846	119.507751	25.968083	3.315784722	750	18	60.8	0	0.1457	23	2.41
9.2	0	-0.468	-0.882	119.507776	25.968078	2.560307826	775	18	63.08	0	0.1459	23	2.5
6	0	-0.45	-0.882	119.507791	25.968076	1.515929409	675	21	60.04	0	0.146	26	2.38
0.3	0	-0.432	-0.9	119.507791	25.968071	0.555974983	662	22	61.55	0	0.1462	28	2.44
0.1	0	-0.396	-0.9	119.507795	25.968071	0.399874195	675	21	0.24	0	0.146	28	2.64
0	0	-0.396	-0.918	119.507791	25.968069	0.457555112	675	21	63.84	0	0.146	28	2.53
0	0	-0.396	-0.9	119.507789	25.968066	0.388913602	675	21	58.53	0	0.146	28	2.32
0	0	-0.396	-0.9	119.507795	25.968066	0.59981132	662	21	59.8	0	0.146	28	2.37
0	0	-0.414	-0.864	119.507795	25.968066	0	662	21	60.3	0	0.146	27	2.39
0	0	-0.414	-0.882	119.507795	25.968066	0	662	21	61.55	0	0.146	28	2.44
0	0	-0.396	-0.9	119.507795	25.968066	0	662	21	55.24	0	0.1461	27	2.19
0	0	-0.396	-0.936	119.507795	25.968066	0	675	21	58.28	0	0.1461	27	2.31
0	0	-0.36	-0.918	119.507795	25.968066	0	662	21	60.8	0	0.1462	28	2.41
0	0	-0.36	-0.918	119.507795	25.968066	0	662	21	63.33	0	0.1462	27	2.51
0	0	-0.342	-0.9	119.507795	25.968066	0	662	21	61.55	0	0.1462	27	2.44
0	0	-0.36	-0.918	119.507795	25.968066	0	675	21	0.24	0.07	0.1461	27	2.6
0	0	-0.288	-0.936	119.507795	25.968066	0	1200	32	0.59	0.105	0.1457	38	6.16
0	0	-0.288	-0.936	119.507795	25.968066	0	1412	36	0.8	0.105	0.1461	41	8.17
4	0	-0.324	-0.954	119.507808	25.968058	1.574882285	1612	33	0.83	0.105	0.1464	41	8.57
5.8	0	-0.306	-0.918	119.507828	25.96805	2.188333189	1787	33	0.92	0.11	0.1462	39	9.4
8.1	0	-0.378	-0.9	119.507848	25.968045	2.075233461	1275	23	0.46	0.07	0.1467	29	4.72
11.8	0	-0.378	-0.9	119.507883	25.968046	3.500666433	1412	31	0.65	0.095	0.1466	38	6.83
16.5	0	-0.378	-0.918	119.507931	25.968046	4.798491375	1450	29	0.65	0.065	0.1465	36	6.71
18.1	0	-0.378	-0.918	119.507985	25.968045	5.39944788	1262	14	0.26	0	0.1463	17	2.8
19.4	0	-0.378	-0.918	119.508046	25.968046	6.099096541	1037	14	0.24	0	0.1463	17	2.6
19.7	0.054	-0.432	-0.918	119.508118	25.968056	7.283121001	950	15	0.24	0	0.1454	20	2.64
19	0.09	-0.414	-0.882	119.508193	25.968063	7.537936693	962	15	0.26	0	0.1454	19	2.73
19	0.108	-0.414	-0.882	119.50826	25.968058	6.720928661	987	15	0.24	0.065	0.1455	19	2.57
19.9	0.126	-0.378	-0.864	119.508315	25.968039	5.890204067	1237	23	0.44	0.07	0.1453	28	4.59
19.9	0.144	-0.396	-0.936	119.508395	25.968065	8.504003121	1337	28	0.6	0.09	0.1456	34	6.17
21.1	0.126	-0.378	-0.918	119.508465	25.968021	8.538531809	1362	26	0.55	0.08	0.1476	32	5.76
21.1	0.072	-0.396	-0.882	119.508533	25.967963	9.370408465	1225	14	0.27	0	0.147	17	2.86
17.7	0.054	-0.378	-0.9	119.508578	25.967918	6.728674771	975	15	64.33	0	0.1468	19	2.55
16.3	0.054	-0.36	-0.882	119.508598	25.967873	5.388437378	1237	33	0.7	0.1	0.1467	37	7.27
17.5	0.072	-0.342	-0.882	119.508611	25.967826	5.385326516	1612	42	1.05	0.125	0.1474	50	10.74
20	0	-0.27	-0.99	119.508611	25.967776	5.559749823	1687	41	1.08	0.125	0.1472	49	11.07
23.6	0	-0.378	-0.882	119.508613	25.967711	7.230439656	1725	40	1.08	0.125	0.1467	47	11.05
25.5	0	-0.468	-0.864	119.50861	25.967645	7.344995125	1675	18	0.29	0	0.1466	32	3.04
27.1	0	-0.414	-0.864	119.508604	25.967568	8.582999032	1087	26	0.54	0.08	0.147	28	5.55
27.4	0	-0.342	-0.9	119.508604	25.967493	8.339624734	1162	18	0.29	0	0.1465	24	3
27	0	-0.396	-0.936	119.508608	25.967418	8.349206049	1000	15	0.26	0	0.1464	20	2.68
26.1	0	-0.45	-0.864	119.508615	25.967345	8.147342948	975	15	0.24	0	0.1463	20	2.57
25.3	0	-0.432	-0.864	119.508615	25.967273	8.006039745	925	16	61.31	0	0.1463	20	2.43
24.2	0	-0.414	-0.972	119.508616	25.967209	7.117181901	937	16	64.08	0	0.1463	20	2.54
23.6	0	-0.414	-0.936	119.508618	25.967148	6.785840926	937	16	0.24	0.05	0.1463	20	2.62
23.2	-0.054	-0.378	-0.882	119.508618	25.967088	6.671699788	1012	18	0.26	0.015	0.1463	22	2.77
23.2	0	-0.432	-0.936	119.508618	25.967026	6.89408978	962	17	0.26	0	0.1463	21	2.79
21.2	0	-0.486	-0.864	119.508604	25.96697	6.382267022	862	18	0.24	0	0.1463	22	2.65
19.6	0	-0.414	-0.918	119.508603	25.96692	5.560648523	800	18	63.08	0	0.1464	23	2.5
17.7	0	-0.432	-0.864	119.508604	25.966873	5.227120887	1025	14	61.31	0	0.1463	19	2.43
16.7	0	-0.432	-0.882	119.508604	25.966828	5.003774841	1012	14	0.24	0	0.1461	18	2.6
16.2	0	-0.396	-0.9	119.508603	25.966784	4.893601072	1012	14	64.08	0	0.1462	18	2.54
16.8	0	-0.414	-0.882	119.5086	25.966741	4.790781401	987	15	64.33	0.005	0.1463	18	2.55
16.2	0	-0.414	-0.918	119.508598	25.9667	4.56337702	1062	15	0.26	0.035	0.1463	19	2.82
16.1	0	-0.378	-0.918	119.508593	25.966658	4.696862979	1037	17	0.27	0	0.1471	20	2.86
15.7	0	-0.432	-0.882	119.50859	25.966616	4.679809698	975	16	0.24	0.02	0.1471	20	2.63
16.2	-0.054	-0.414	-0.9	119.508588	25.966576	4.452291478	1125	25	0.5	0.085	0.1472	28	5.26
17.2	0	-0.378	-0.9	119.50859	25.966531	5.007767818	1300	27	0.54	0.085	0.1473	32	5.61
18.2	0.054	-0.342	-0.954	119.508593	25.966488	4.790781441	1325	27	0.54	0.085	0.1475	32	5.65
19.2	0	-0.36	-0.882	119.50859	25.966439	5.456802682	1412	32	0.7	0.1	0.1472	39	7.33
20.4	0	-0.342	-0.918	119.508594	25.96639	5.463209085	1500	32	0.72	0.1	0.1469	38	7.38
21	-0.072	-0.324	-0.972	119.508593	25.966335	6.116541824	1525	31	0.73	0.1	0.1464	37	7.61
20.7	0	-0.36	-0.954	119.508593	25.966283	5.782139816	1550	29	0.72	0.1	0.1459	35	7.48
21.6	0	-0.396	-0.936	119.508598	25.96623	5.914494532	1350	25	0.37	0.005	0.1461	37	3.91
23	0	-0.414	-0.864	119.508601	25.966176	6.012015006	1000	17	0.26	0	0.1464	21	2.71
23.1	0	-0.396	-0.882	119.508604	25.966115	6.789521924	937	16	0.24	0	0.1464	21	2.64
20.2	0	-0.432	-0.9	119.508604	25.96606	6.115724805	862	17	62.82	0	0.1463	21	2.49
18.5	0	-0.468	-0.792	119.508606	25.966009	5.674468376	825	18	0.24	0	0.1463	23	2.57
17.6	0	-0.396	-0.864	119.508611	25.965963	5.139335362	862	18	62.57	0	0.1463	23	2.48
16.9	0	-0.396	-0.864	119.508618	25.965916	5.272808383	1000	14	63.57	0	0.1462	18	2.52
13.9	0	-0.54	-0.81	119.508623	25.965881	3.923793163	875	16	62.82	0	0.1454	20	2.49
9.3	0	-0.558	-0.81	119.508625	25.965856	2.787055948	762	19	62.06	0	0.1456	25	2.46
7	0	-0.522	-0.81	119.508621	25.965836	2.259565509	650	21	61.31	0	0.1458	27	2.43
5.4	0	-0.378	-0.882	119.508616	25.965823	1.529517429	675	22	56.77	0	0.146	29	2.25
0.2	0	-0.378	-0.882	119.508611	25.965818	0.747636609	675	22	61.55	0	0.146	29	2.44
0.1	0	-0.396	-0.9	119.50861	25.965815	0.348242787	675	22	59.29	0	0.146	28	2.35
0	0	-0.396	-0.882	119.50861	25.965813	0.222389993	662	22	63.33	0	0.146	28	2.51
0	0	-0.396	-0.9	119.508611	25.965816	0.348242788	675	21	61.82	0	0.1459	28	2.45
0	0	-0.378	-0.9	119.508611	25.965816	0	675	21	58.02	0	0.1459	28	2.3
0	0	-0.396	-0.882	119.508611	25.965816	0	662	21	59.8	0	0.1459	27	2.37
0	0	-0.378	-0.9	119.508611	25.965816	0	675	21	63.33	0	0.1459	28	2.51
0	0	-0.36	-0.918	119.508611	25.965816	0	662	21	62.82	0	0.146	28	2.49
0	0	-0.342	-0.918	119.508611	25.965816	0	862	25	0.31	0.06	0.1459	33	3.27
0.4	0	-0.288	-0.954	119.508616	25.965813	0.600942004	1100	31	0.52	0.095	0.1456	38	5.43
6.5	0	-0.324	-0.954	119.508621	25.965798	1.741213941	1312	31	0.64	0.095	0.1459	37	6.58
8.9	0	-0.324	-0.954	119.508623	25.965776	2.454447141	1462	29	0.65	0.095	0.1463	36	6.75
13.6	0	-0.324	-0.9	119.508626	25.965743	3.681670717	1625	27	0.7	0.095	0.1462	33	7.26
14.3	0	-0.324	-0.918	119.508631	25.965705	4.25487264	1362	32	0.69	0.09	0.1461	39	7.08
14.3	0	-0.342	-0.882	119.508631	25.965661	4.892579844	1387	32	0.67	0.095	0.1465	38	6.97
15.1	-0.054	-0.342	-0.864	119.50864	25.965619	4.756069489	1250	18	0.29	0	0.1467	23	3.08
14.6	0	-0.378	-0.882	119.508648	25.965581	4.300431686	1275	25	0.52	0.09	0.145	27	5.39
16	0	-0.342	-0.936	119.508685	25.965531	6.677783114	1262	17	0.29	0	0.1458	22	3.16
17.2	0	-0.522	-0.828	119.508693	25.965478	5.94735406	1087	14	0.26	0	0.1454	17	2.74
13.9	0	-0.54	-0.81	119.508689	25.965438	4.465739581	837	17	0.24	0	0.1454	21	2.59
9.5	0	-0.54	-0.828	119.508675	25.965411	3.3124688	887	18	0.24	0	0.1455	23	2.56
4.5	0	-0.45	-0.864	119.508664	25.965385	3.093150319	1012	14	0.24	0	0.1456	18	2.56
3.5	0	-0.45	-0.882	119.508656	25.965366	2.259015014	837	17	63.33	0	0.1455	20	2.51
0	0	-0.414	-0.9	119.508646	25.96536	1.201887189	800	18	0.24	0	0.1459	23	2.57
0	0	-0.396	-0.9	119.508646	25.965356	0.444779986	787	18	60.8	0	0.1458	23	2.41
0	0	-0.396	-0.9	119.508631	25.965353	1.536218625	800	18	62.82	0	0.1459	22	2.49
0	0	-0.378	-0.882	119.508631	25.965353	0	775	18	58.28	0	0.1458	23	2.31
0	0	-0.396	-0.882	119.508631	25.965353	0	787	18	60.04	0	0.1459	23	2.38
0	0	-0.378	-0.9	119.508631	25.965353	0	775	17	59.8	0	0.1459	22	2.37
0	0	-0.378	-0.882	119.508631	25.965353	0	762	17	60.55	0	0.1459	22	2.4
0	0	-0.396	-0.9	119.508631	25.965353	0	762	17	59.29	0	0.1459	22	2.35
0	0	-0.378	-0.882	119.508631	25.965353	0	762	17	54.24	0	0.1459	21	2.15
0	0	-0.396	-0.9	119.508631	25.965353	0	762	16	54.75	0	0.1459	21	2.17
0	0	-0.396	-0.9	119.508631	25.965353	0	750	16	57.53	0	0.1459	20	2.28
0	0	-0.378	-0.9	119.508631	25.965353	0	762	16	57.02	0	0.146	21	2.26
0	0	-0.396	-0.9	119.508631	25.965353	0	750	16	56	0	0.1472	21	2.22
0	0	-0.396	-0.9	119.508631	25.965353	0	737	16	55.75	0	0.1471	20	2.21
0	0	-0.396	-0.9	119.508631	25.965353	0	762	16	51.71	0	0.1471	21	2.05
0	0	-0.396	-0.9	119.508631	25.965353	0	750	16	52.47	0	0.147	21	2.08
0	0	-0.396	-0.9	119.508631	25.965353	0	750	16	52.98	0	0.147	20	2.1
0	0	-0.396	-0.9	119.508631	25.965353	0	750	16	53.73	0	0.1469	21	2.13
0	0	-0.378	-0.9	119.508631	25.965353	0	750	16	54	0	0.1469	21	2.14
0	0	-0.378	-0.9	119.508631	25.965353	0	750	16	51.71	0	0.1469	21	2.05
0	0	-0.396	-0.9	119.508631	25.965353	0	750	16	54	0	0.1469	20	2.14
0	0	-0.378	-0.9	119.508631	25.965353	0	762	17	61.31	0.05	0.1468	21	2.43
0	0	-0.324	-0.936	119.508631	25.965353	0	900	27	0.41	0.095	0.1469	33	4.26
0	0	-0.288	-0.918	119.508631	25.965353	0	1175	31	0.54	0.1	0.1473	37	5.64
0	0	-0.288	-0.918	119.508631	25.965353	0	1312	30	0.59	0.095	0.1475	36	6.15
4	0	-0.306	-0.918	119.508628	25.965345	0.93875689	1475	30	0.69	0.095	0.1473	37	7.07
4.6	0	-0.378	-0.9	119.50863	25.96533	1.679866162	1375	13	0.27	0	0.1469	16	2.91
7	0	-0.396	-0.936	119.508618	25.965304	3.13008732	812	18	0.26	0.04	0.1467	24	2.69
12.1	-0.054	-0.45	-0.9	119.508626	25.965275	3.322352598	1000	23	0.34	0.05	0.1468	29	3.62
12.8	-0.054	-0.342	-0.954	119.50863	25.965243	3.580639337	887	19	0.27	0	0.1466	25	2.97
12.9	0	-0.396	-0.918	119.50864	25.96521	3.803179129	937	18	0.26	0.035	0.1467	23	2.75
13.6	0	-0.396	-0.882	119.508649	25.965176	3.886218244	962	21	0.31	0.05	0.1466	25	3.19
14.2	-0.09	-0.414	-0.882	119.508666	25.965145	3.843233409	950	19	0.27	0	0.1466	24	2.98
15.7	-0.126	-0.414	-0.9	119.508698	25.965115	4.62190041	912	18	0.24	0.05	0.1466	22	2.65
15.2	-0.09	-0.378	-0.9	119.50874	25.965093	4.859436813	1162	26	0.49	0.075	0.1466	32	5.04
15.6	-0.108	-0.342	-0.936	119.508788	25.965078	5.080221353	1287	34	0.72	0.095	0.1465	39	7.34
16.7	0	-0.36	-0.936	119.508833	25.965064	4.760430887	1400	32	0.69	0.095	0.1476	38	7.14
18	0	-0.342	-0.954	119.508883	25.965048	5.305734818	1425	32	0.69	0.095	0.1474	38	7.09
19.9	0	-0.378	-0.918	119.508938	25.965048	5.498411477	1450	31	0.7	0.1	0.147	38	7.22
20.3	0	-0.378	-0.918	119.50898	25.965016	5.503715375	1475	30	0.69	0.095	0.1465	36	7.08
20.4	0	-0.378	-0.9	119.509036	25.965014	5.60279948	1312	14	0.27	0.035	0.1465	18	2.96
22.5	0	-0.396	-0.9	119.509095	25.965013	5.899345691	1350	18	0.39	0.055	0.1464	21	4
23.7	0	-0.396	-0.918	119.509156	25.965018	6.1235316	1337	17	0.36	0.055	0.1464	20	3.83
22.5	0	-0.378	-0.9	119.509216	25.965016	6.002389814	1337	17	0.36	0.05	0.1463	21	3.83
21.4	0	-0.432	-0.846	119.50928	25.96501	6.43284394	1237	14	0.27	0.005	0.1464	16	2.89
20.8	0	-0.414	-0.9	119.509335	25.965004	5.538742103	1312	19	0.44	0.07	0.1462	21	4.66
19.8	0	-0.378	-0.918	119.509388	25.965	5.317106973	1362	21	0.47	0.07	0.1464	26	4.85
21.1	0	-0.396	-0.9	119.509446	25.965	5.798327197	1375	21	0.46	0.07	0.1466	25	4.79
21.1	0	-0.36	-0.882	119.509504	25.964996	5.815361343	1300	14	0.27	0	0.1466	18	2.97
21.1	0	-0.414	-0.882	119.509563	25.964993	5.907724163	1137	13	0.26	0.04	0.1466	16	2.67
21.5	0	-0.396	-0.864	119.509625	25.964995	6.202200559	1275	15	0.31	0.045	0.1463	19	3.32
21.3	0	-0.396	-0.9	119.509696	25.965003	7.153478003	1212	14	0.27	0.005	0.1464	17	2.9
20.1	0	-0.414	-0.9	119.509761	25.965011	6.558730614	987	14	64.08	0	0.1464	18	2.54
19.3	0	-0.396	-0.882	119.509826	25.965018	6.544576127	987	15	62.57	0	0.1463	19	2.48
19.2	0	-0.414	-0.882	119.509883	25.96502	5.702693128	975	14	0.24	0	0.1463	18	2.59
17.9	0	-0.396	-0.9	119.509941	25.96502	5.798326209	975	15	0.24	0	0.1463	19	2.61
16.5	0	-0.486	-0.846	119.509988	25.965021	4.699959205	950	15	62.31	0	0.1463	19	2.47
15.4	0	-0.378	-0.9	119.510038	25.965023	5.003501749	900	17	64.33	0.005	0.1462	21	2.55
14.8	0	-0.378	-0.9	119.510105	25.96503	6.743140543	1312	34	0.67	0.105	0.1464	41	6.98
16.1	0	-0.306	-0.972	119.510161	25.965036	5.637997258	1512	39	0.92	0.12	0.1477	46	9.48
19.1	0	-0.324	-0.918	119.510208	25.965028	4.78210865	1562	38	0.93	0.12	0.1475	45	9.57
19.9	0	-0.306	-0.918	119.510256	25.96502	4.88037066	1600	31	0.65	0.05	0.147	43	6.67
20.8	0	-0.396	-0.918	119.510314	25.965018	5.802589434	1287	15	0.36	0.09	0.1467	16	3.76
22	0	-0.306	-0.954	119.510375	25.965014	6.114438419	1600	35	0.88	0.11	0.1461	41	9.08
23.8	-0.054	-0.342	-0.9	119.510434	25.965011	5.907723264	1650	34	0.88	0.11	0.1463	41	9.11
25.9	0	-0.36	-0.9	119.510505	25.965011	7.097951593	1700	32	0.85	0.105	0.1465	38	8.69
27.7	-0.054	-0.342	-0.936	119.510578	25.965011	7.297893895	1437	33	0.75	0.075	0.1467	40	7.7
26.1	0	-0.414	-0.882	119.510651	25.965011	7.297893895	1075	16	0.27	0.045	0.1467	20	2.97
26.1	0	-0.396	-0.918	119.510716	25.965008	6.506681455	1375	32	0.69	0.1	0.1464	38	7.02
27	0	-0.342	-0.882	119.510791	25.965001	7.538129904	1412	32	0.69	0.095	0.1464	38	7.13
28.2	0	-0.414	-0.9	119.510871	25.965004	8.004646537	1300	18	0.29	0	0.1464	25	3.16
28	0	-0.432	-0.918	119.51095	25.965003	7.898503996	1087	14	0.24	0	0.1465	18	2.66
28.1	0	-0.432	-0.9	119.511031	25.965003	8.09766364	975	14	63.33	0.015	0.1465	19	2.51
27.5	-0.054	-0.414	-0.918	119.511106	25.965004	7.498661182	1150	18	0.32	0.05	0.1463	21	3.43
28.9	0	-0.378	-0.9	119.511201	25.965008	9.507669106	1375	32	0.73	0.1	0.1462	38	7.51
28.6	0	-0.342	-0.882	119.511285	25.965011	8.404199796	1475	34	0.72	0.105	0.1465	42	7.45
30	0.054	-0.396	-0.918	119.511373	25.965016	8.815011661	1487	33	0.78	0.105	0.1465	40	8.02
30.8	0	-0.396	-0.882	119.511459	25.965018	8.600394241	1200	16	0.29	0	0.1466	20	3.14
30.7	0	-0.396	-0.9	119.511545	25.965014	8.609015655	1050	14	0.26	0	0.1466	17	2.7
30.6	0	-0.414	-0.918	119.511628	25.965013	8.298350195	975	15	61.82	0	0.1465	19	2.45
29.7	0	-0.378	-0.918	119.511711	25.965013	8.297605247	950	15	60.3	0	0.1464	19	2.39
29	0	-0.396	-0.882	119.511796	25.96502	8.533121714	962	15	0.24	0	0.1463	20	2.64
28	0	-0.432	-0.882	119.511878	25.965026	8.224737842	950	15	0.24	0	0.1463	19	2.62
24.7	0	-0.396	-0.828	119.511948	25.96503	7.012100049	950	15	64.33	0	0.1463	20	2.55
23.7	0.126	-0.414	-0.918	119.512016	25.96503	6.798037049	912	21	0.37	0.06	0.1454	23	3.92
23.1	0	-0.378	-0.918	119.512081	25.965028	6.501928041	987	18	0.27	0	0.1456	23	2.96
20.9	0	-0.378	-0.918	119.512139	25.965021	5.85033626	837	18	63.33	0	0.1457	24	2.51
19.9	0	-0.486	-0.828	119.512191	25.965013	5.274060305	812	18	63.33	0	0.1458	24	2.51
17.2	0	-0.54	-0.846	119.51224	25.965011	4.90363175	937	15	63.08	0	0.1456	20	2.5
14.5	0	-0.486	-0.828	119.512275	25.96501	3.50075662	875	17	62.82	0	0.1454	21	2.49
14.4	0	-0.414	-0.882	119.512308	25.965003	3.389626739	875	17	62.57	0	0.1456	21	2.48
14.2	0.054	-0.504	-0.828	119.512341	25.964996	3.38962693	887	17	0.24	0	0.1456	21	2.56
13.1	0	-0.54	-0.846	119.512375	25.964995	3.400837829	812	18	0.24	0	0.1457	23	2.56
10.8	0	-0.504	-0.864	119.512405	25.964996	3.001195489	762	19	63.57	0	0.1458	25	2.52
9.1	0	-0.486	-0.846	119.51243	25.964996	2.499279049	875	18	64.08	0	0.1459	24	2.54
6.4	0	-0.432	-0.9	119.512443	25.964998	1.318515351	975	15	61.82	0	0.1457	19	2.45
10.4	0	-0.414	-0.918	119.51247	25.964993	2.755885329	1000	14	61.82	0	0.1457	18	2.45
11.2	0	-0.522	-0.846	119.512496	25.964985	2.747256622	975	14	62.57	0	0.1457	18	2.48
8.7	0	-0.432	-0.864	119.51252	25.964983	2.409592646	937	15	61.06	0	0.1458	19	2.42
7.7	0	-0.45	-0.882	119.512541	25.964988	2.171765644	937	15	60.55	0	0.1459	20	2.4
5	0	-0.468	-0.846	119.512553	25.964993	1.322224625	787	18	61.55	0	0.146	23	2.44
4.9	-0.054	-0.414	-0.882	119.512564	25.964991	1.12194456	762	19	61.82	0	0.1463	25	2.45
2.9	0	-0.468	-0.846	119.512574	25.964989	1.024148775	787	18	64.33	0	0.1462	24	2.55
2.1	0	-0.486	-0.846	119.512581	25.964991	0.734285228	650	21	61.31	0	0.1463	27	2.43
0	0	-0.414	-0.9	119.512581	25.964993	0.222389993	675	22	61.55	0	0.1464	29	2.44
0	0	-0.396	-0.9	119.512585	25.964995	0.457564255	662	22	58.53	0	0.1464	29	2.32
0	0	-0.396	-0.882	119.512585	25.964995	0	675	22	0.24	0	0.1471	29	2.6
0	0	-0.378	-0.9	119.512585	25.964995	0	662	21	59.04	0	0.147	28	2.34
0	0	-0.36	-0.918	119.512585	25.964995	0	675	21	60.8	0	0.1469	28	2.41
0	0	-0.378	-0.918	119.512585	25.964995	0	675	21	0.24	0	0.1469	28	2.58
0	0	-0.396	-0.882	119.512585	25.964995	0	662	21	62.31	0	0.1468	27	2.47
0	0	-0.414	-0.9	119.512585	25.964995	0	662	21	60.04	0	0.1468	27	2.38
0	0	-0.396	-0.9	119.512585	25.964995	0	675	21	60.04	0	0.1467	27	2.38
0	0	-0.36	-0.9	119.512585	25.964995	0	662	21	52.98	0	0.1467	27	2.1
0	0	-0.378	-0.936	119.512585	25.964995	0	662	21	54.49	0	0.1467	27	2.16
0	0	-0.396	-0.9	119.512585	25.964995	0	662	21	63.57	0	0.1467	27	2.52
0	0	-0.378	-0.918	119.512585	25.964995	0	650	21	56.77	0	0.1466	27	2.25
0	0	-0.36	-0.918	119.512585	25.964995	0	662	21	57.27	0	0.1466	26	2.27
0	0	-0.36	-0.9	119.512585	25.964995	0	650	21	58.53	0.015	0.1465	27	2.32
0	0	-0.378	-0.918	119.512585	25.964995	0	650	21	55.24	0.02	0.1466	27	2.19
0	0	-0.36	-0.882	119.512585	25.964995	0	662	20	55.51	0.015	0.1466	26	2.2
0	0	-0.378	-0.9	119.512585	25.964995	0	662	20	59.29	0.005	0.1466	25	2.35
0	0	-0.378	-0.9	119.512585	25.964995	0	687	20	55.24	0	0.1465	25	2.19
0	0	-0.378	-0.9	119.512585	25.964995	0	687	19	56.51	0	0.1465	24	2.24
0	0	-0.468	-0.864	119.512585	25.964995	0	700	18	57.02	0	0.1464	24	2.26
0	0	-0.468	-0.882	119.512585	25.964995	0	637	20	53.73	0	0.1464	25	2.13
0	0	-0.378	-0.9	119.512585	25.964995	0	637	20	56.77	0	0.1465	26	2.25
0	0	-0.378	-0.9	119.512585	25.964995	0	637	20	57.53	0	0.1465	26	2.28
0	0	-0.396	-0.9	119.512585	25.964995	0	662	20	58.02	0	0.1465	25	2.3
0	0	-0.396	-0.9	119.512585	25.964995	0	675	19	55.75	0	0.1465	24	2.21
0.3	0	-0.396	-0.9	119.512589	25.965006	1.286853267	700	18	52.47	0	0.1471	24	2.08
0.4	0	-0.396	-0.9	119.512583	25.965033	3.061598747	712	18	60.55	0.005	0.147	23	2.4
0.5	0	-0.36	-0.936	119.51256	25.96509	6.742302667	712	18	55.75	0	0.147	23	2.21
4.9	0	-0.396	-0.882	119.512543	25.965123	4.043894305	725	18	56.26	0	0.147	23	2.23
5	0.054	-0.396	-0.9	119.512534	25.965138	1.895126584	725	18	54.75	0	0.147	23	2.17
4.9	0	-0.432	-0.882	119.512533	25.965154	1.78192648	687	18	57.27	0	0.1468	23	2.27
4.1	0	-0.378	-0.9	119.51253	25.965166	1.367629694	637	20	59.53	0	0.1469	25	2.36
3.4	0	-0.378	-0.9	119.512528	25.965178	1.349236799	650	20	52.98	0	0.147	25	2.1
3.4	0	-0.378	-0.9	119.512528	25.965191	1.445534954	675	19	57.53	0	0.1469	25	2.28
3.8	0	-0.378	-0.9	119.512526	25.965211	2.232869834	675	19	54.49	0	0.1469	25	2.16
3.8	0	-0.45	-0.864	119.512525	25.965223	1.338079713	675	19	51.98	0	0.1468	24	2.06
3.2	0	-0.468	-0.864	119.512523	25.965233	1.129782945	637	20	60.3	0	0.1467	25	2.39
1.7	0	-0.414	-0.918	119.51253	25.965238	0.893769342	750	16	54.49	0	0.1467	21	2.16
0	0	-0.378	-0.882	119.512531	25.965243	0.56489147	775	15	48.18	0	0.1465	20	1.91
0	0	-0.396	-0.9	119.512531	25.965246	0.333584989	762	16	52.47	0	0.1465	20	2.08
0	0	-0.378	-0.9	119.51253	25.965246	0.099970947	750	16	53.49	0	0.1466	20	2.12
0	0	-0.396	-0.918	119.51253	25.965246	0	750	16	56.51	0	0.1467	20	2.24
0	0	-0.396	-0.9	119.51253	25.965246	0	762	16	56.51	0	0.1467	20	2.24
0	0	-0.378	-0.882	119.51253	25.965246	0	750	16	53.22	0	0.1467	21	2.11
0	0	-0.396	-0.9	119.51253	25.965246	0	750	16	53.22	0	0.1467	21	2.11
0	0	-0.378	-0.9	119.51253	25.965246	0	712	18	57.77	0	0.1466	22	2.29
0	0	-0.36	-0.918	119.51253	25.965246	0	687	20	61.31	0	0.1468	25	2.43
0	0	-0.36	-0.9	119.51253	25.965246	0	650	20	55.24	0	0.1468	25	2.19
1.6	0	-0.432	-0.864	119.512523	25.965249	0.775238217	637	20	56.26	0	0.1468	26	2.23
1.5	0	-0.414	-0.864	119.512518	25.965249	0.499854734	637	20	52.98	0	0.1471	26	2.1
0	0	-0.414	-0.882	119.512511	25.965251	0.734283754	637	20	55.24	0	0.1471	26	2.19
0	0	-0.396	-0.9	119.512503	25.965248	0.86654896	637	20	59.04	0	0.1471	26	2.34
0	0	-0.396	-0.9	119.512501	25.965246	0.299055297	637	20	55	0	0.147	26	2.18
0	0	-0.378	-0.9	119.512501	25.965246	0	637	20	53.73	0	0.1469	26	2.13
0	0	-0.396	-0.882	119.512501	25.965246	0	750	17	53.49	0	0.1469	21	2.12
0	0	-0.378	-0.9	119.512501	25.965246	0	762	16	54	0	0.1465	20	2.14
0	0	-0.396	-0.9	119.512501	25.965246	0	762	16	54.49	0	0.1466	20	2.16
0	0	-0.396	-0.9	119.512501	25.965246	0	750	16	56.26	0	0.1467	21	2.23
0	0	-0.396	-0.9	119.512501	25.965246	0	750	16	51.98	0	0.1467	21	2.06
0	0	-0.396	-0.9	119.512501	25.965246	0	762	16	52.47	0	0.1467	21	2.08
0	0	-0.378	-0.9	119.512501	25.965246	0	750	16	53.49	0	0.1467	21	2.12
0	0	-0.396	-0.9	119.512501	25.965246	0	750	16	53.22	0	0.1466	20	2.11
0	0	-0.396	-0.9	119.512501	25.965246	0	750	16	52.47	0	0.1466	21	2.08
0	0	-0.396	-0.9	119.512501	25.965246	0	712	17	52.98	0	0.1466	21	2.1
0	0	-0.396	-0.9	119.512501	25.965246	0	750	16	51.98	0	0.1466	21	2.06
0	0	-0.396	-0.9	119.512501	25.965246	0	750	16	53.49	0	0.1465	20	2.12
0	0	-0.378	-0.9	119.512501	25.965246	0	762	16	56.77	0	0.1464	21	2.25
0	0	-0.36	-0.9	119.512501	25.965246	0	662	24	0.31	0.05	0.1466	29	3.28
0	0	-0.342	-0.918	119.512501	25.965246	0	812	21	0.24	0.05	0.1467	26	2.61
0	0	-0.36	-0.9	119.512501	25.965246	0	762	21	0.24	0	0.1467	27	2.59
0	0	-0.396	-0.882	119.512501	25.965246	0	737	21	0.24	0	0.1467	26	2.66
0	0	-0.45	-0.864	119.512501	25.965246	0	675	21	0.24	0	0.1468	26	2.59
1.7	0	-0.432	-0.846	119.512518	25.965263	2.541970044	662	22	62.06	0	0.1471	29	2.46
1.7	0	-0.396	-0.882	119.51252	25.965268	0.590834098	662	22	0.24	0	0.1471	29	2.64
1.6	0	-0.36	-0.9	119.512521	25.965273	0.564891466	662	22	63.33	0	0.1471	29	2.51
0	0	-0.378	-0.9	119.512513	25.965278	0.974030848	650	22	62.57	0	0.147	28	2.48
0	0	-0.414	-0.882	119.512511	25.965281	0.388916041	662	22	64.33	0	0.1469	28	2.55
0	0	-0.396	-0.9	119.512509	25.96528	0.228781701	812	18	61.55	0	0.1467	23	2.44
0	0	-0.378	-0.882	119.512509	25.96528	0	825	17	59.53	0	0.1454	22	2.36
0	0	-0.396	-0.9	119.512509	25.96528	0	787	17	54.49	0	0.1455	21	2.16
0	0	-0.396	-0.9	119.512509	25.96528	0	762	17	59.8	0	0.1456	22	2.37
0	0	-0.396	-0.9	119.512509	25.96528	0	762	18	62.57	0	0.1457	23	2.48
0	0	-0.36	-0.9	119.512509	25.96528	0	687	21	59.8	0.01	0.1461	26	2.37
0	0	-0.36	-0.882	119.512509	25.96528	0	712	20	57.27	0.035	0.1461	26	2.27
0	0	-0.342	-0.9	119.512509	25.96528	0	712	20	59.8	0.035	0.146	25	2.37
0	0	-0.36	-0.9	119.512509	25.96528	0	762	21	0.26	0	0.146	27	2.79
2.4	0	-0.45	-0.882	119.512495	25.965304	3.013422098	762	20	62.57	0	0.146	26	2.48
2.3	0	-0.432	-0.864	119.512496	25.965308	0.455876536	662	21	59.04	0	0.1461	28	2.34
2.2	0	-0.396	-0.882	119.512495	25.965313	0.564891459	662	22	60.8	0	0.1462	29	2.41
2.2	0	-0.396	-0.9	119.512493	25.965316	0.38891601	650	22	59.04	0	0.1463	29	2.34
2	0	-0.378	-0.918	119.51249	25.965321	0.631708627	662	22	61.55	0	0.1463	29	2.44
1.4	0	-0.378	-0.918	119.512488	25.965326	0.590834066	650	22	64.33	0	0.1463	29	2.55
1.6	0	-0.378	-0.9	119.512483	25.965331	0.74763802	662	22	60.8	0	0.1463	29	2.41
2	0	-0.378	-0.918	119.512479	25.96534	1.077690739	662	22	60.04	0	0.1463	29	2.38
2.7	0	-0.378	-0.9	119.512473	25.965348	1.072896656	675	21	62.31	0	0.1463	28	2.47
2.9	0	-0.378	-0.882	119.512468	25.965355	0.925043983	687	21	58.02	0.005	0.1462	27	2.3
4	0	-0.306	-0.936	119.512465	25.965368	1.476319361	1100	28	0.47	0.09	0.1459	35	4.93
5.4	0	-0.306	-0.936	119.512461	25.965385	1.932148362	1250	29	0.55	0.09	0.146	35	5.72
10.7	0.054	-0.288	-0.936	119.512451	25.965415	3.482428927	1387	29	0.6	0.09	0.1476	34	6.26
10.8	0	-0.324	-0.918	119.512448	25.965451	4.014239101	1500	24	0.57	0.085	0.1474	29	5.86
9.2	0	-0.396	-0.918	119.512448	25.965476	2.779874911	1175	15	0.27	0	0.1468	17	2.93
8.5	0	-0.414	-0.9	119.512451	25.9655	2.685479446	1075	26	0.46	0.075	0.1467	32	4.73
8.1	0	-0.342	-0.882	119.512451	25.965521	2.335094925	1237	25	0.47	0.07	0.1473	32	4.92
9.4	0	-0.378	-0.882	119.512463	25.965548	3.233071497	1037	18	0.27	0	0.1471	22	2.98
12.6	0	-0.378	-0.954	119.512483	25.965578	3.889158044	950	16	0.24	0	0.147	21	2.66
13.2	0	-0.342	-0.882	119.512504	25.965606	3.755135922	937	16	0.24	0	0.1469	20	2.57
12.8	0	-0.342	-0.954	119.512525	25.96564	4.324415965	937	16	62.06	0	0.1468	20	2.46
13.2	0	-0.432	-0.9	119.51254	25.965686	5.330252743	900	16	0.24	0	0.1454	20	2.59
10.7	0	-0.432	-0.882	119.512555	25.965716	3.657399432	875	17	63.57	0	0.1454	21	2.52
12.3	0	-0.432	-0.864	119.512568	25.965748	3.788149394	825	18	64.08	0	0.1455	22	2.54
10.3	0	-0.414	-0.864	119.512571	25.965774	2.906584278	787	19	0.24	0	0.1455	24	2.6
8.6	0	-0.45	-0.846	119.512573	25.9658	2.897975434	762	20	0.24	0	0.1457	25	2.57
6.5	0	-0.504	-0.882	119.512566	25.965818	2.120319022	737	20	62.82	0	0.1458	26	2.49
4.3	0	-0.396	-0.918	119.512561	25.965828	1.219132915	775	19	64.33	0	0.1458	25	2.55
0.2	0	-0.396	-0.882	119.512558	25.965833	0.631708009	775	19	61.82	0	0.1458	24	2.45
0	-0.072	-0.378	-0.882	119.512551	25.965838	0.893766546	962	23	0.36	0.06	0.1456	29	3.81
0	0	-0.342	-0.882	119.512555	25.965851	1.499825572	1100	23	0.41	0.07	0.1458	28	4.26
0.2	0.054	-0.378	-0.918	119.512558	25.965858	0.834145566	1125	17	0.29	0	0.146	21	3
0.2	0	-0.45	-0.864	119.512561	25.965863	0.631707972	900	16	0.26	0	0.1458	20	2.72
0	0	-0.396	-0.918	119.512566	25.965866	0.60094184	825	18	63.57	0	0.146	23	2.52
0	0	-0.36	-0.954	119.512566	25.965866	0	962	24	0.37	0.065	0.1461	29	3.89
0	0	-0.36	-0.918	119.512566	25.965866	0	1100	22	0.39	0.065	0.1473	28	4.06
0	-0.054	-0.378	-0.882	119.512566	25.965866	0	1137	18	0.32	0.05	0.1471	23	3.43
0	-0.072	-0.378	-0.918	119.512566	25.965866	0	1250	20	0.39	0.06	0.1469	24	4.04
0.6	0	-0.396	-0.9	119.51256	25.965888	2.518753951	1312	18	0.39	0.05	0.1468	22	4.01
0.5	0	-0.378	-0.918	119.512548	25.965904	2.145790189	1275	13	0.27	0	0.1466	16	2.84
0.4	0	-0.378	-0.918	119.512561	25.965945	4.740615301	737	18	61.06	0	0.1466	21	2.42
0.5	0	-0.378	-0.882	119.512563	25.96597	2.787055939	787	19	62.82	0	0.1467	25	2.49
0.6	0	-0.396	-0.864	119.512566	25.965998	3.127871347	775	19	62.06	0	0.1468	25	2.46
9	0.054	-0.414	-0.864	119.512578	25.966028	3.545002057	737	20	60.3	0	0.1468	25	2.39
9.3	0	-0.36	-0.864	119.512586	25.966056	3.214537643	750	20	60.3	0	0.1468	26	2.39
8.2	0	-0.432	-0.882	119.512599	25.966105	5.601405598	750	20	62.06	0	0.1467	26	2.46
6	0	-0.432	-0.882	119.512604	25.966148	4.807441334	762	20	63.08	0	0.1467	26	2.5
4.7	0	-0.396	-0.882	119.512611	25.96618	3.626400272	775	19	0.24	0	0.1466	25	2.56
4.1	0	-0.36	-0.918	119.512623	25.966208	3.33658106	912	25	0.39	0.07	0.1466	29	4.15
3.8	0	-0.342	-0.936	119.512626	25.966248	4.45789971	1200	27	0.5	0.08	0.1465	32	5.24
4.4	0	-0.36	-0.918	119.512623	25.966286	4.23603998	1250	17	0.24	0.015	0.1465	23	2.66
6.5	0	-0.396	-0.918	119.512616	25.966318	3.626400114	1212	14	0.26	0.05	0.1464	16	2.75
11.4	0	-0.378	-0.9	119.512601	25.966373	6.296883502	1337	18	0.39	0.06	0.1463	21	4.11
12.4	0	-0.396	-0.918	119.512585	25.966431	6.644701697	1425	17	0.39	0.055	0.1465	21	4.05
13.6	0.072	-0.396	-0.918	119.51258	25.966471	4.475798623	1025	23	0.37	0.055	0.1466	29	3.85
14.3	0	-0.378	-0.864	119.512588	25.966511	4.519130278	1100	23	0.39	0.065	0.1468	28	4.12
15.8	-0.072	-0.396	-0.864	119.512568	25.966546	4.375373264	1000	18	0.27	0	0.1467	22	2.94
15.7	0.054	-0.414	-0.846	119.512543	25.966589	5.395171198	1062	18	0.27	0.005	0.1466	23	2.85
15.8	0	-0.396	-0.864	119.512513	25.966634	5.833723422	1012	17	0.26	0	0.1466	21	2.71
13.9	0	-0.522	-0.846	119.512481	25.966671	5.211580745	887	17	62.57	0	0.147	21	2.48
10.1	0	-0.396	-0.864	119.512458	25.966706	4.520298629	800	19	0.24	0	0.1469	25	2.6
8.5	0	-0.396	-0.9	119.51244	25.966724	2.691482763	987	15	63.33	0.02	0.1469	19	2.51
8.2	0	-0.396	-0.918	119.512425	25.966743	2.590783387	1087	18	0.39	0.07	0.1468	20	4
9.5	0	-0.342	-0.918	119.51241	25.966763	2.682231643	1237	21	0.44	0.065	0.1472	26	4.5
10.7	0.054	-0.342	-0.918	119.51239	25.966784	3.074124513	1312	20	0.42	0.07	0.1474	25	4.37
12.1	0	-0.36	-0.882	119.512373	25.966808	3.163873908	1425	24	0.55	0.09	0.1475	27	5.76
13.2	0	-0.36	-0.936	119.512353	25.966836	3.700162523	1237	29	0.52	0.08	0.1473	37	5.44
13.9	0	-0.36	-0.882	119.512341	25.966868	3.755022724	950	18	0.27	0	0.1469	23	2.92
15.2	0	-0.396	-0.918	119.512325	25.966903	4.20770046	950	17	0.24	0.005	0.1468	21	2.57
15.7	0	-0.432	-0.918	119.512316	25.966946	4.865300372	962	19	0.32	0.06	0.1467	22	3.47
15.6	0	-0.396	-0.9	119.512306	25.966986	4.558762306	1150	25	0.44	0.07	0.1467	31	4.62
15.7	0	-0.378	-0.9	119.512291	25.967021	4.170722631	1162	21	0.36	0.005	0.1468	29	3.7
15.3	0	-0.396	-0.972	119.512285	25.967061	4.488062343	1025	16	0.26	0	0.1467	21	2.69
16.3	0	-0.396	-0.9	119.512263	25.967096	4.470272917	962	16	63.84	0	0.1466	20	2.53
15.5	-0.072	-0.45	-0.9	119.512248	25.967135	4.588547038	925	16	63.33	0	0.1465	20	2.51
13	0	-0.504	-0.864	119.512225	25.967161	3.693919645	812	18	59.8	0	0.1464	22	2.37
9.1	0	-0.522	-0.828	119.512213	25.967185	2.925913381	837	19	63.84	0	0.1464	25	2.53
7.2	0	-0.396	-0.9	119.512208	25.967203	2.062980504	812	18	62.06	0	0.1465	23	2.46
6.9	0	-0.378	-0.9	119.512206	25.967218	1.679865786	837	18	62.57	0.025	0.1465	24	2.48
6.8	0	-0.378	-0.9	119.512206	25.967236	2.001509936	925	18	0.27	0	0.1465	23	2.86
7.2	0	-0.378	-0.9	119.5122	25.967253	1.98319673	900	17	63.08	0	0.1465	22	2.5
7.7	0	-0.396	-0.882	119.512215	25.967288	4.170721407	812	18	63.33	0	0.1464	23	2.51
7.7	0	-0.396	-0.882	119.512255	25.967346	7.588395544	812	18	59.8	0	0.1471	23	2.37
7.6	0	-0.45	-0.882	119.512248	25.967365	2.225583068	775	18	63.57	0	0.147	24	2.52
4	0	-0.468	-0.846	119.512246	25.96738	1.679865754	662	21	61.55	0	0.1471	27	2.44
0	0	-0.414	-0.864	119.512223	25.967383	2.323362662	675	22	60.04	0	0.1471	28	2.38
0	0	-0.378	-0.882	119.512216	25.96743	5.272807262	675	21	0.24	0	0.147	28	2.56
0	0	-0.378	-0.9	119.5122	25.967431	1.603365884	662	21	61.06	0	0.147	28	2.42
0	0	-0.396	-0.882	119.5122	25.967431	0	675	21	0.24	0	0.1468	27	2.56
0	0	-0.378	-0.882	119.5122	25.967431	0	662	21	62.57	0	0.1468	27	2.48
0	0	-0.396	-0.882	119.5122	25.967431	0	662	21	64.08	0	0.1468	28	2.54
0	0	-0.378	-0.9	119.5122	25.967431	0	650	21	56	0	0.1468	27	2.22
0	0	-0.396	-0.9	119.5122	25.967431	0	662	21	60.55	0	0.1467	27	2.4
0	0	-0.378	-0.9	119.5122	25.967431	0	662	20	56.77	0	0.1466	26	2.25
0	0	-0.396	-0.882	119.5122	25.967431	0	675	21	56.77	0	0.1454	26	2.25
0	0	-0.414	-0.9	119.5122	25.967431	0	662	21	60.04	0	0.1454	27	2.38
0	0	-0.396	-0.9	119.5122	25.967431	0	662	21	60.8	0	0.1455	27	2.41
0	0	-0.396	-0.882	119.5122	25.967431	0	662	20	59.53	0	0.1456	26	2.36
0	0	-0.396	-0.9	119.5122	25.967431	0	662	20	57.02	0	0.1456	26	2.26
0	0	-0.396	-0.9	119.5122	25.967431	0	650	20	56.51	0	0.1457	26	2.24
0	0	-0.396	-0.882	119.5122	25.967431	0	662	20	56.51	0	0.1457	26	2.24
0	0	-0.396	-0.882	119.5122	25.967431	0	662	20	54.49	0	0.1458	26	2.16
0	0	-0.396	-0.882	119.5122	25.967431	0	662	20	60.04	0	0.1458	26	2.38
0	0	-0.396	-0.9	119.5122	25.967431	0	650	20	54	0	0.1459	26	2.14
0	0	-0.396	-0.936	119.5122	25.967431	0	650	20	56.51	0	0.1459	26	2.24
0	0	-0.396	-0.9	119.5122	25.967431	0	637	20	53.49	0	0.1459	25	2.12
0	0	-0.396	-0.9	119.5122	25.967431	0	675	18	52.98	0	0.146	25	2.1
0	0	-0.396	-0.882	119.5122	25.967431	0	762	16	53.22	0	0.1458	20	2.11
0	0	-0.396	-0.9	119.5122	25.967431	0	762	15	52.98	0	0.1457	20	2.1
0	0	-0.396	-0.918	119.5122	25.967431	0	750	16	54	0	0.1459	20	2.14
0	0	-0.396	-0.9	119.5122	25.967431	0	750	16	56.51	0	0.146	21	2.24
0	0	-0.396	-0.882	119.5122	25.967431	0	750	16	56.26	0	0.146	20	2.23
0	0	-0.36	-0.918	119.5122	25.967431	0	725	18	63.84	0	0.146	21	2.53
0	0	-0.36	-0.918	119.5122	25.967431	0	700	20	61.82	0.04	0.1464	25	2.45
0	0	-0.36	-0.918	119.5122	25.967431	0	712	22	0.29	0.07	0.1463	27	3.07
0	0	-0.36	-0.9	119.5122	25.967431	0	900	25	0.36	0.065	0.1463	31	3.67
0	0.054	-0.378	-0.9	119.5122	25.967431	0	825	19	0.24	0	0.1463	25	2.6
0	0	-0.486	-0.846	119.5122	25.967431	0	737	21	63.33	0	0.1463	26	2.51
0	0	-0.414	-0.9	119.5122	25.967431	0	662	22	61.82	0	0.1464	28	2.45
0	0	-0.45	-0.882	119.5122	25.967431	0	662	22	59.04	0	0.1465	29	2.34
0	0	-0.36	-0.9	119.5122	25.967431	0	675	22	60.8	0	0.1465	29	2.41
0	0	-0.378	-0.918	119.5122	25.967431	0	675	21	58.53	0	0.1465	28	2.32
0	0	-0.378	-0.9	119.5122	25.967431	0	700	21	60.55	0	0.1464	27	2.4
0	0	-0.378	-0.882	119.5122	25.967431	0	712	21	59.29	0	0.1464	26	2.35
0	0	-0.378	-0.918	119.5122	25.967431	0	812	20	0.26	0.05	0.1463	25	2.82
0	0	-0.378	-0.9	119.5122	25.967431	0	875	20	0.27	0	0.1463	25	2.86
0	0	-0.396	-0.918	119.5122	25.967431	0	850	18	0.24	0	0.1463	24	2.63
2.9	0	-0.396	-0.918	119.512203	25.967533	11.34585409	800	18	0.24	0	0.1463	23	2.6
0	0	-0.396	-0.9	119.512209	25.967536	0.686335065	800	18	0.24	0	0.1471	24	2.57
0	0	-0.378	-0.918	119.512209	25.967536	0	812	20	0.27	0.07	0.1471	24	2.98
0	0	-0.324	-0.918	119.512213	25.967536	0.399876016	1237	32	0.7	0.105	0.1475	36	7.17
0.4	0	-0.288	-0.954	119.51222	25.967534	0.734270789	1512	31	0.72	0.1	0.1474	38	7.45
6.4	0	-0.288	-1.008	119.512234	25.967525	1.720550989	1662	29	0.77	0.105	0.1468	33	7.87
10.5	-0.054	-0.36	-0.954	119.512264	25.96757	5.833711158	1012	18	0.29	0.005	0.1466	22	3.09
11.7	0	-0.342	-0.936	119.5123	25.967588	4.118009411	1175	27	0.47	0.075	0.1467	33	4.96
12.7	0	-0.378	-0.954	119.512348	25.967596	4.880267997	1175	28	0.5	0.07	0.1468	33	5.19
16	0	-0.414	-0.828	119.512421	25.967628	8.118989221	1050	19	0.29	0	0.1467	24	3.13
15.1	0	-0.432	-0.9	119.512473	25.967638	5.315978766	925	18	0.27	0	0.1467	23	2.85
12.9	0	-0.414	-0.9	119.512516	25.967643	4.334468302	875	18	0.26	0	0.1466	22	2.67
10.8	0	-0.432	-0.882	119.512558	25.967658	4.517854329	762	19	0.26	0	0.1465	25	2.79
10	0	-0.396	-0.918	119.512603	25.967681	5.174759471	762	20	62.57	0	0.1466	26	2.48
10.3	0	-0.378	-0.882	119.512631	25.967693	3.100900567	775	19	63.57	0	0.1466	25	2.52
9.1	0	-0.396	-0.864	119.512661	25.967703	3.198566903	762	20	62.57	0	0.1465	25	2.48
6.3	0	-0.63	-0.792	119.512676	25.96771	1.68951207	737	21	61.82	0	0.1463	26	2.45
4.7	0	-0.414	-0.9	119.512695	25.967711	1.90266026	662	22	0.24	0	0.1464	29	2.57
3	0	-0.36	-0.936	119.51271	25.967718	1.68951198	662	22	63.84	0	0.1465	29	2.53
3.7	0	-0.378	-0.9	119.51273	25.967721	2.02701437	662	22	60.55	0	0.1464	29	2.4
4.5	0	-0.378	-0.918	119.512751	25.96772	2.102288516	675	21	0.24	0	0.1464	28	2.57
4.4	0	-0.396	-0.9	119.512769	25.96772	1.799439254	687	21	0.24	0	0.1464	28	2.64
5.2	0	-0.36	-0.918	119.512788	25.967718	1.91238292	850	23	0.31	0.05	0.1463	29	3.33
5.3	0	-0.36	-0.936	119.512805	25.96771	1.918206635	975	22	0.34	0.05	0.1463	29	3.66
5.9	0	-0.378	-0.954	119.512818	25.967683	3.271473987	912	20	0.27	0	0.1463	26	2.98
7.1	0	-0.396	-0.9	119.512833	25.967653	3.657388997	850	19	0.26	0	0.147	25	2.68
5.6	0	-0.414	-0.9	119.512851	25.967639	2.379368287	800	19	62.31	0	0.147	25	2.47
6.6	0	-0.414	-0.882	119.512883	25.967606	4.868098949	787	19	62.82	0	0.147	25	2.49
5.7	0	-0.486	-0.864	119.51291	25.967578	4.120570995	775	19	61.06	0	0.1469	25	2.42
3.7	0	-0.45	-0.882	119.512934	25.967564	2.860040874	662	21	63.57	0	0.1471	28	2.52
2.6	0	-0.378	-0.9	119.512953	25.967548	2.602504268	675	22	61.31	0	0.1471	28	2.43
3.5	0	-0.396	-0.882	119.512973	25.967543	2.075241683	700	21	58.28	0	0.147	27	2.31
3.6	0	-0.36	-0.9	119.512991	25.96753	2.308151352	712	21	58.78	0.035	0.1468	26	2.33
4	0	-0.378	-0.9	119.513008	25.967519	2.093870239	862	19	0.26	0.045	0.1467	25	2.8
4	0	-0.36	-0.918	119.513028	25.967511	2.188341561	925	20	0.31	0.05	0.1467	24	3.27
6.7	0	-0.378	-0.9	119.513063	25.967506	3.542812508	950	18	0.27	0	0.1466	23	2.97
6.9	0	-0.378	-0.918	119.513088	25.96751	2.538495315	1025	21	0.39	0.07	0.1466	24	4.16
7.2	0	-0.36	-0.936	119.513153	25.96753	6.868010026	1237	24	0.46	0.07	0.1467	29	4.71
6.6	0	-0.36	-0.954	119.513183	25.967518	3.282512083	1362	21	0.46	0.06	0.1475	27	4.8
10	0	-0.396	-0.864	119.513233	25.967508	5.120639081	1312	13	0.29	0	0.1469	16	3
10.7	0	-0.396	-0.846	119.513271	25.967513	3.839292213	875	22	0.32	0.05	0.1468	27	3.45
12.2	0	-0.378	-0.936	119.513313	25.967513	4.198698974	1000	21	0.34	0.05	0.1471	27	3.5
11.8	0	-0.396	-0.864	119.513345	25.967508	3.246962445	987	19	0.27	0.04	0.1471	25	2.88
10.2	0	-0.36	-0.954	119.513376	25.967508	3.099039851	1012	23	0.37	0.07	0.1471	27	3.99
10.6	0.126	-0.36	-0.882	119.513411	25.967503	3.542812596	1300	33	0.67	0.09	0.1475	40	6.91
10.5	0	-0.306	-0.972	119.513446	25.967503	3.498916111	1375	32	0.67	0.095	0.1473	38	6.98
17.2	0.054	-0.324	-0.936	119.5135	25.967545	7.138110067	1412	31	0.67	0.095	0.1449	37	6.92
17.2	0	-0.36	-0.9	119.513553	25.967551	5.340196668	1450	30	0.69	0.095	0.145	36	7.15
21.7	0	-0.342	-0.828	119.513614	25.967548	6.107225686	1500	28	0.62	0.085	0.1453	36	6.36
21.7	-0.072	-0.396	-0.936	119.513673	25.96754	5.964874979	1337	14	0.29	0.07	0.1461	17	3.15
19.1	0	-0.396	-0.9	119.513728	25.967528	5.657889286	1325	32	0.64	0.09	0.1457	39	6.65
22.7	0	-0.396	-0.9	119.513778	25.967511	5.343949684	1387	34	0.72	0.1	0.1461	41	7.48
24.8	0	-0.342	-0.972	119.513846	25.967483	7.476964037	1400	33	0.69	0.095	0.1463	41	7.08
25.1	0	-0.378	-0.882	119.513913	25.967475	6.756739834	1387	32	0.7	0.095	0.1463	40	7.31
25	0.108	-0.396	-0.9	119.513976	25.967461	6.487591864	1062	17	0.29	0	0.1464	21	3.06
26.8	0.09	-0.468	-0.792	119.514055	25.967428	8.708395275	962	16	0.26	0	0.1454	20	2.75
22	-0.054	-0.54	-0.846	119.514115	25.967408	6.397146478	850	18	0.26	0	0.1454	22	2.69
14.8	0	-0.576	-0.792	119.514153	25.96739	4.293847115	887	16	0.24	0	0.1454	20	2.6
6.5	0	-0.558	-0.792	119.514178	25.967378	2.833126311	787	19	0.24	0	0.1455	24	2.56
0.2	0	-0.468	-0.864	119.514181	25.967371	0.834144166	675	22	62.82	0	0.1458	29	2.49
0	0	-0.36	-0.9	119.514185	25.967361	1.181665773	662	22	63.57	0	0.1458	28	2.52
0	0	-0.36	-0.918	119.514186	25.967356	0.564891151	675	22	63.57	0	0.1457	28	2.52
0	0	-0.36	-0.918	119.51419	25.967351	0.68484268	662	22	64.08	0	0.1457	28	2.54
0	0	-0.378	-0.918	119.51419	25.967351	0	662	21	59.04	0	0.1458	28	2.34
0	0	-0.36	-0.9	119.51419	25.967351	0	662	22	59.04	0	0.1458	28	2.34
0	0	-0.36	-0.9	119.51419	25.967351	0	675	23	0.26	0	0.1459	30	2.67
0	0	-0.36	-0.9	119.51419	25.967351	0	675	22	62.82	0	0.1459	29	2.49
0	0	-0.36	-0.918	119.51419	25.967351	0	700	21	0.24	0.04	0.1459	28	2.58
0	0	-0.324	-0.936	119.51419	25.967351	0	787	21	0.27	0.06	0.1459	27	2.95
0.3	0	-0.288	-0.936	119.514201	25.96732	3.618200144	1100	29	0.49	0.09	0.1456	36	5.03
5.7	0	-0.306	-0.936	119.514213	25.967318	1.220069688	1237	32	0.65	0.1	0.146	37	6.7
8.4	0.072	-0.324	-0.918	119.514235	25.967348	3.99561165	1412	32	0.7	0.105	0.1474	39	7.28
10.9	0	-0.306	-0.918	119.514254	25.967345	1.928484609	1562	33	0.87	0.11	0.1471	39	8.97
13.7	0	-0.36	-0.9	119.514288	25.967336	3.543216444	1575	36	0.7	0.005	0.1468	52	7.33
12.4	0	-0.414	-0.936	119.514316	25.967329	2.905343217	950	22	0.46	0.09	0.147	23	4.75
12.4	0	-0.324	-0.918	119.514348	25.967315	3.557681422	1400	36	0.77	0.105	0.1468	43	7.84
15	0.072	-0.324	-0.882	119.514373	25.967301	2.944411259	1462	41	1.01	0.125	0.1465	45	10.38
15.6	0.054	-0.324	-0.918	119.514411	25.967285	4.194803339	1625	42	1.08	0.125	0.146	50	11.11
19.5	0	-0.36	-0.918	119.514458	25.96726	5.459313755	1425	18	0.29	0	0.1463	26	3.08
19.8	0	-0.378	-0.9	119.514503	25.967233	5.408432117	1337	35	0.82	0.11	0.1461	38	8.37
18.4	0	-0.306	-0.936	119.514546	25.967206	5.243303257	1650	40	1.05	0.125	0.1463	49	10.82
19.3	0	-0.306	-0.936	119.514591	25.967183	5.174774497	1687	40	1.06	0.125	0.1465	48	10.94
18.3	0	-0.324	-0.936	119.514643	25.967156	6.003082251	1700	40	1.06	0.125	0.1465	47	10.95
21.1	0	-0.324	-0.936	119.514698	25.967116	7.07208378	1762	40	1.11	0.125	0.1464	49	11.42
24.9	0	-0.324	-0.936	119.514748	25.967075	6.765287629	1787	40	1.13	0.125	0.1464	48	11.62
27	0	-0.342	-0.972	119.514803	25.967026	7.740687099	1800	40	1.13	0.125	0.1464	48	11.56
27	0	-0.342	-0.882	119.514861	25.966981	7.658799058	1787	25	0.44	0	0.1466	42	4.56
25.2	0	-0.378	-0.864	119.514918	25.966936	7.583398364	1087	33	0.7	0.105	0.1467	34	7.3
22.9	-0.054	-0.324	-0.918	119.514968	25.966898	6.545139235	1575	43	1.03	0.125	0.1463	51	10.63
22.3	0	-0.36	-0.9	119.515015	25.966858	6.469889565	1575	40	0.98	0.105	0.1449	49	10.02
25.6	0	-0.396	-0.9	119.515073	25.966823	6.98325406	1050	18	0.29	0	0.1458	21	3.05
26	0	-0.396	-0.936	119.515133	25.966786	7.273574513	1262	29	0.55	0.05	0.1455	35	5.81
24.2	0	-0.414	-0.918	119.515188	25.966745	7.142553441	1025	22	0.5	0.095	0.1459	22	5.18
24.3	0	-0.378	-0.9	119.515248	25.966713	6.974183895	1250	18	0.29	0	0.1459	25	3.12
23.2	0	-0.396	-0.882	119.515304	25.966678	6.818159683	900	18	0.26	0	0.146	22	2.8
21.5	0	-0.432	-0.9	119.515359	25.96663	7.662838969	825	18	0.24	0	0.146	21	2.64
21.4	0	-0.396	-0.864	119.515405	25.966591	6.320866383	862	17	0.26	0	0.146	21	2.72
20	0	-0.414	-0.9	119.515435	25.966528	7.620274326	837	18	60.3	0	0.1454	23	2.39
17.6	0	-0.396	-0.9	119.515475	25.96649	5.817597894	825	18	59.8	0.005	0.1454	23	2.37
18.8	-0.072	-0.342	-0.936	119.515521	25.966463	5.49188993	1375	29	0.64	0.09	0.1452	33	6.52
20	0	-0.342	-0.882	119.515571	25.966433	6.00939718	1462	30	0.69	0.1	0.1457	36	7.05
20.9	0	-0.378	-0.882	119.515625	25.966406	6.177059718	1525	32	0.77	0.105	0.1459	38	7.95
22.3	0	-0.378	-0.936	119.515699	25.96639	7.608704038	1412	15	0.29	0	0.1463	20	3.15
23.4	0	-0.396	-0.9	119.515775	25.966373	7.829343126	1012	23	0.46	0.075	0.1462	25	4.75
25.5	-0.054	-0.378	-0.882	119.515856	25.966361	8.206771132	1312	32	0.69	0.095	0.1462	38	7
27.9	0	-0.378	-0.864	119.515933	25.966346	7.876319412	1387	21	0.29	0	0.1466	32	3.08
27.9	0	-0.396	-0.864	119.516035	25.966303	11.26229361	1075	16	0.27	0	0.1467	20	2.85
28.4	0	-0.414	-0.9	119.516126	25.966265	10.0306777	1162	21	0.41	0.04	0.1465	26	4.17
27.2	0	-0.432	-0.882	119.51621	25.966221	9.718802702	1100	20	0.42	0.085	0.1471	20	4.49
28.2	0	-0.396	-0.864	119.516285	25.966183	8.606420847	1312	26	0.5	0.075	0.1472	32	5.28
29.1	0	-0.414	-0.882	119.516365	25.966158	8.466965603	1150	16	0.27	0	0.147	20	2.98
29	0	-0.396	-0.846	119.516444	25.966136	8.267835987	1037	14	0.24	0	0.1469	18	2.61
29.2	0	-0.396	-0.864	119.516529	25.966125	8.585046264	975	15	64.33	0	0.1468	19	2.55
30.6	0	-0.414	-0.882	119.516621	25.966118	9.230136433	975	14	63.57	0	0.1467	19	2.52
29.6	0	-0.432	-0.864	119.516705	25.966084	9.209295683	962	15	0.24	0	0.1466	19	2.64
29.8	-0.072	-0.45	-0.882	119.516793	25.966078	8.822642825	962	15	0.24	0	0.1466	19	2.58
29.9	0	-0.414	-0.882	119.516883	25.966075	9.003503716	975	15	63.33	0	0.1466	19	2.51
27.8	0	-0.468	-0.864	119.516966	25.966073	8.300510054	962	15	0.24	0	0.1465	19	2.61
25	0.054	-0.486	-0.846	119.517033	25.966063	6.789677775	950	15	63.33	0	0.1465	20	2.51
24.1	0	-0.468	-0.882	119.5171	25.966048	6.902555528	900	16	63.84	0	0.1466	20	2.53
24.1	0	-0.432	-0.918	119.51717	25.966041	7.041073719	875	17	0.24	0	0.1466	21	2.56
22.5	0	-0.414	-0.882	119.517238	25.966028	6.949970129	887	17	62.06	0	0.1466	21	2.46
21.9	0	-0.414	-0.918	119.517303	25.966008	6.868087472	862	17	64.08	0	0.1465	21	2.54
21.9	0	-0.414	-0.864	119.517366	25.96599	6.608515063	887	17	0.26	0	0.1465	21	2.67
20	0	-0.486	-0.882	119.517423	25.965975	5.937397467	862	18	0.24	0	0.1465	22	2.63
18	0	-0.468	-0.864	119.517476	25.965963	5.463862833	812	18	64.08	0	0.1465	23	2.54
16.7	0	-0.486	-0.846	119.517524	25.965955	4.880333164	1000	15	0.24	0	0.1465	20	2.59
15.5	0	-0.414	-0.882	119.517573	25.965951	4.918698204	925	16	0.24	0	0.1463	20	2.6
16	0	-0.432	-0.864	119.51762	25.965938	4.915940816	925	15	61.06	0	0.1464	20	2.42
15.4	0	-0.378	-0.9	119.517668	25.965925	5.011578186	912	16	63.08	0	0.1464	20	2.5
15.6	0	-0.414	-0.846	119.517715	25.965913	4.884401261	925	16	0.24	0	0.1465	20	2.64
15.2	0	-0.414	-0.9	119.517751	25.965901	3.838331342	937	16	64.33	0	0.1471	20	2.55
15.1	0	-0.396	-0.9	119.517788	25.96589	3.8958925	887	16	61.55	0	0.147	20	2.44
14.8	0	-0.396	-0.882	119.517815	25.965903	3.061904082	900	17	64.33	0	0.1469	21	2.55
14.6	0	-0.396	-0.9	119.51785	25.965904	3.500730106	950	17	0.26	0.035	0.1469	21	2.75
14.2	0	-0.414	-0.9	119.517884	25.9659	3.427970905	962	18	0.24	0	0.1469	22	2.63
13.2	0	-0.396	-0.9	119.517923	25.965881	4.434469219	912	17	63.57	0	0.1468	21	2.52
11.2	0	-0.414	-0.864	119.517956	25.965863	3.858704225	837	17	61.06	0	0.1468	22	2.42
11.2	0	-0.432	-0.9	119.517993	25.965855	3.80436862	800	18	61.55	0	0.1468	23	2.44
10.2	0	-0.468	-0.882	119.518021	25.965846	2.972688166	750	20	0.24	0	0.1468	25	2.57
9	0	-0.432	-0.882	119.51805	25.965836	3.105070275	737	20	0.24	0	0.1469	25	2.62
7.6	0	-0.414	-0.882	119.518076	25.965829	2.713274263	800	18	0.24	0	0.1469	24	2.64
6.1	0	-0.432	-0.9	119.518108	25.965831	3.206775205	750	19	61.82	0	0.1468	25	2.45
4.6	0	-0.45	-0.9	119.518121	25.965828	1.341745276	700	21	0.24	0	0.1469	26	2.62
3.2	0	-0.432	-0.882	119.518138	25.965829	1.703131491	662	22	64.33	0	0.147	29	2.55
2.2	0	-0.414	-0.882	119.518151	25.96584	1.784680672	675	22	63.84	0	0.147	29	2.53
1.8	0	-0.414	-0.882	119.518153	25.965841	0.228780869	675	22	63.84	0	0.1468	29	2.53
0	0	-0.414	-0.882	119.51816	25.96585	1.22115556	662	21	64.33	0	0.1468	28	2.55
0	0	-0.396	-0.9	119.518168	25.965855	0.974027629	662	21	61.82	0	0.1467	28	2.45
0	0	-0.396	-0.9	119.518173	25.965861	0.833647385	662	21	61.31	0	0.1466	28	2.43
0	0	-0.378	-0.9	119.518173	25.965861	0	662	21	63.57	0	0.1466	28	2.52
0	0	-0.378	-0.9	119.518173	25.965861	0	662	21	57.27	0	0.1466	28	2.27
2	0	-0.414	-0.882	119.518195	25.965878	2.900073849	662	21	58.28	0	0.1465	27	2.31
1.9	0	-0.432	-0.864	119.518201	25.96588	0.639722057	662	21	58.53	0	0.1465	27	2.32
0	0	-0.414	-0.9	119.518203	25.965878	0.299054578	650	21	56	0	0.1465	27	2.22
0	0	-0.396	-0.9	119.518206	25.965878	0.299911239	650	21	58.02	0	0.1471	26	2.3
0	0	-0.396	-0.9	119.518206	25.965875	0.333584989	650	21	57.02	0	0.1471	27	2.26
0	0	-0.396	-0.9	119.518206	25.965875	0	662	21	56.26	0	0.1471	27	2.23
0	0	-0.432	-0.9	119.518206	25.965875	0	650	21	58.78	0	0.1471	27	2.33
0	0	-0.45	-0.9	119.518206	25.965875	0	662	21	58.78	0	0.1471	27	2.33
0	0	-0.396	-0.9	119.518206	25.965875	0	650	20	53.49	0	0.147	26	2.12
0	0	-0.396	-0.9	119.518206	25.965875	0	725	19	55	0	0.1454	25	2.18
0	0	-0.396	-0.9	119.518206	25.965875	0	787	16	58.02	0	0.1454	21	2.3
0	0	-0.414	-0.9	119.518206	25.965875	0	762	16	54	0	0.1433	20	2.14
0	0	-0.396	-0.882	119.518206	25.965875	0	775	16	56.26	0	0.1433	20	2.23
